bin-pso
0.4064
0.4064
0.4064
0.4064
0
0.0777
0.0777
0.0777
0.0777
0
0.1574
0.1574
0.1574
0.1574
0
0.4879
0.331
0.3443
0.2575
0.06801062
0.3721
0.299
0.3047
0.299
0.01412617
0.1415
0.0896
0.0934
0.0566
0.01757964
0.3917
0.2917
0.2875
0.2167
0.04075144
0.375
0.2422
0.2385
0.1719
0.04282688
0.3404
0.3404
0.3376
0.2553
0.01553823
0.0131
0.0131
0.013
0.0119
0.0003754658
0.5195
0.4181
0.4193
0.3245
0.04918022
0.1718
0.1418
0.143
0.1118
0.01432279
0.2099
0.1975
0.2021
0.1975
0.006051019
0.3848
0.2727
0.2743
0.1971
0.04937633
0.4688
0.4336
0.4348
0.4336
0.006418624
