bin-abc
0.4064
0.4064
0.4064
0.4064
0
0.0777
0.0777
0.0777
0.0777
0
0.1574
0.1574
0.1574
0.1574
0
0.4618
0.4037
0.4028
0.3468
0.02163983
0.309
0.299
0.2993
0.299
0.001819676
0.0943
0.0943
0.094
0.0849
0.001722398
0.4833
0.3375
0.3428
0.2583
0.04661601
0.2812
0.1562
0.187
0.1562
0.03903196
0.3404
0.3404
0.3404
0.3404
0
0.0131
0.0131
0.0131
0.0119
0.0002246606
0.3877
0.3106
0.3299
0.3044
0.03066604
0.2795
0.2298
0.2336
0.1946
0.02140654
0.2099
0.1975
0.1992
0.1975
0.004268468
0.3973
0.2669
0.2478
0.2096
0.04130598
0.4336
0.4336
0.4336
0.4336
0
