bin-ga
0.4064
0.4064
0.4018
0.3372
0.01754931
0.0777
0.0777
0.0777
0.0777
0
0.1574
0.1574
0.1574
0.1574
0
0.5399
0.422
0.433
0.3344
0.04926393
0.309
0.299
0.302
0.299
0.004645431
0.0943
0.0943
0.0943
0.0943
0
0.4667
0.3667
0.37
0.2667
0.04352742
0.2812
0.2188
0.2089
0.1562
0.03611937
0.3404
0.3404
0.3376
0.2553
0.01553823
0.0131
0.0131
0.0131
0.0131
0
0.4622
0.357
0.3553
0.3038
0.03547517
0.207
0.1739
0.1751
0.1429
0.01630849
0.2099
0.2099
0.2041
0.1975
0.006264398
0.4025
0.268
0.2629
0.194
0.04786889
0.4336
0.4336
0.4336
0.4336
0
