bin-de
0.2118
0.189
0.19
0.1828
0.005589005
0.0534
0.0485
0.0477
0.0388
0.005421108
0.1827
0.1777
0.1766
0.1726
0.003372405
0.0673
0.057
0.0577
0.0517
0.004205215
0.289
0.2724
0.2717
0.2492
0.01004981
0.1604
0.1226
0.1233
0.0849
0.0169727
0.325
0.2833
0.2783
0.2083
0.02712254
0.2656
0.2031
0.2005
0.125
0.03672037
0.3617
0.1915
0.2035
0.1489
0.04796261
0
0
0
0
0
0.1933
0.1717
0.1718
0.1554
0.008987567
0.1077
0.0952
0.0945
0.0807
0.007540431
0.2716
0.179
0.1889
0.1358
0.0335604
0.2377
0.2148
0.2115
0.1846
0.01196905
0.3633
0.3281
0.3293
0.2969
0.01986911
