bin-abc
0.1873
0.1873
0.1873
0.1873
0
0.0534
0.0461
0.0464
0.0388
0.004357447
0.1827
0.1777
0.1778
0.1777
0.0009267725
0.0539
0.0492
0.0491
0.0467
0.001543839
0.299
0.2724
0.2678
0.2458
0.01238782
0.1792
0.1368
0.1318
0.0849
0.0252026
0.3417
0.2917
0.2919
0.2333
0.02956285
0.2812
0.1875
0.1911
0.1094
0.04563432
0.3617
0.1915
0.2099
0.1489
0.06745243
0
0
0
0
0
0.1613
0.1513
0.1525
0.1483
0.003844298
0.0994
0.0849
0.0836
0.0725
0.006602985
0.2222
0.1728
0.1704
0.1358
0.01873718
0.2096
0.1856
0.1847
0.1533
0.01292495
0.3477
0.3125
0.3191
0.2969
0.02046913
