bin-pso
0.2087
0.1873
0.189
0.1873
0.004206117
0.0534
0.0485
0.0461
0.0388
0.004896038
0.1827
0.1777
0.1783
0.1726
0.002900236
0.0584
0.0507
0.0513
0.0467
0.003104854
0.3056
0.2724
0.2718
0.2458
0.01155485
0.1604
0.1132
0.1208
0.0849
0.02165493
0.325
0.275
0.2753
0.2
0.03012453
0.2812
0.1875
0.1896
0.125
0.04298385
0.3404
0.1915
0.2142
0.1702
0.05696336
0
0
0
0
0
0.1797
0.159
0.1588
0.143
0.00700416
0.1201
0.0973
0.098
0.0828
0.008705053
0.2222
0.1728
0.1654
0.1111
0.02565182
0.2221
0.2002
0.1984
0.1752
0.01114343
0.3555
0.3477
0.3309
0.2969
0.02067375
