bin-ga
0.2087
0.1873
0.1894
0.1873
0.004162372
0.0534
0.0437
0.0451
0.0388
0.00444362
0.3401
0.1777
0.1926
0.1726
0.05012614
0.0544
0.048
0.0486
0.0462
0.002145048
0.2924
0.2724
0.2703
0.2458
0.01055951
0.1698
0.1274
0.1274
0.066
0.02474381
0.35
0.3
0.2961
0.25
0.02323598
0.2656
0.2031
0.1979
0.1094
0.03812635
0.3404
0.1915
0.2255
0.1702
0.06110598
0
0
0
0
0
0.1684
0.1546
0.1555
0.1478
0.005610598
0.1077
0.0901
0.0903
0.0745
0.008555476
0.2099
0.1728
0.1658
0.1111
0.02016475
0.2044
0.1846
0.1793
0.1481
0.01550885
0.3555
0.3242
0.327
0.2969
0.01911325
