bin-de
0.4064
0.4064
0.3505
0.2389
0.07445415
0.0777
0.0777
0.0777
0.0777
0
0.1726
0.1574
0.1606
0.1574
0.005731126
0.3739
0.2218
0.2322
0.1598
0.04922976
0.3721
0.3106
0.312
0.2757
0.02415256
0.217
0.1321
0.1393
0.0849
0.03265045
0.3333
0.2667
0.2667
0.2
0.03048145
0.3906
0.2656
0.2542
0.1562
0.05549865
0.3617
0.3191
0.3135
0.2553
0.03486414
0.0131
0.0119
0.0115
0.0086
0.001749302
0.4527
0.388
0.3819
0.3067
0.03878167
0.1677
0.1284
0.1313
0.1077
0.01469716
0.284
0.2222
0.2169
0.1235
0.03790432
0.4369
0.3274
0.3362
0.2586
0.04841066
0.543
0.4355
0.4451
0.4141
0.02824175
