real-ga
0.2118
0.1892
0.1897
0.1861
0.004590143
0.0534
0.0485
0.0458
0.0388
0.004357447
0.3401
0.1777
0.1922
0.1675
0.05028188
0.0529
0.0501
0.0497
0.0462
0.001660264
0.3056
0.2724
0.2695
0.2458
0.01605752
0.1604
0.1226
0.1208
0.0755
0.02122551
0.325
0.2833
0.2833
0.225
0.02387307
0.2656
0.1875
0.1896
0.1406
0.03594414
0.3617
0.1915
0.2241
0.1702
0.0641307
0
0
0
0
0
0.172
0.1546
0.1545
0.1377
0.006336394
0.1222
0.0911
0.091
0.0745
0.009824249
0.2469
0.1728
0.1749
0.1111
0.0267517
0.1992
0.1778
0.1791
0.1376
0.01190082
0.3477
0.3203
0.3225
0.2812
0.02208955
