real-de
0.4064
0.4064
0.4008
0.2389
0.0305837
0.0922
0.0777
0.0782
0.0777
0.002658847
0.1624
0.1574
0.1575
0.1574
0.0009267725
0.5344
0.4232
0.4242
0.321
0.06144842
0.299
0.299
0.299
0.299
0
0.0943
0.0943
0.0928
0.0849
0.003575934
0.5083
0.3542
0.3461
0.2333
0.06134404
0.3438
0.2656
0.2526
0.1719
0.04680011
0.3404
0.3404
0.3404
0.3404
0
0.0131
0.0131
0.0131
0.0119
0.0002246606
0.4965
0.4303
0.4266
0.3434
0.04059139
0.2277
0.1605
0.1577
0.1242
0.01953647
0.2099
0.1975
0.2021
0.1975
0.006051019
0.3326
0.2706
0.2677
0.2044
0.03890379
0.4688
0.4336
0.4359
0.4336
0.008919427
