real-abc
0.4064
0.4064
0.3897
0.2389
0.05111325
0.0777
0.0777
0.0777
0.0777
0
0.1726
0.1574
0.1584
0.1574
0.003863576
0.3025
0.1774
0.1961
0.1224
0.04961209
0.3721
0.299
0.3101
0.2857
0.02087248
0.1792
0.1132
0.1217
0.0566
0.03243039
0.3583
0.2833
0.2842
0.2167
0.03849105
0.4531
0.25
0.2755
0.1875
0.07747394
0.3404
0.3404
0.317
0.2553
0.03322101
0.0131
0.0131
0.0123
0.0057
0.001638389
0.5195
0.4176
0.4199
0.3168
0.04621874
0.1408
0.1232
0.1235
0.089
0.01263862
0.2716
0.2099
0.2095
0.1605
0.03233748
0.4327
0.3274
0.3315
0.2534
0.04278901
0.4922
0.4375
0.4488
0.4141
0.02201
