real-ga
0.4064
0.4064
0.3985
0.2389
0.03268355
0.0922
0.0777
0.0786
0.0777
0.003694779
0.1624
0.1574
0.1577
0.1574
0.001287859
0.4846
0.4105
0.4105
0.3437
0.02442987
0.309
0.299
0.3027
0.299
0.004885042
0.0943
0.0943
0.0931
0.0566
0.006889592
0.3917
0.3333
0.3356
0.275
0.03424985
0.3125
0.2031
0.2078
0.1562
0.04875021
0.3404
0.3404
0.3291
0.2553
0.02942518
0.0131
0.0131
0.013
0.0119
0.0003121921
0.4167
0.3558
0.3453
0.3044
0.03880901
0.294
0.2195
0.219
0.1698
0.02435613
0.2099
0.1975
0.2033
0.1975
0.006264398
0.3973
0.2096
0.2374
0.1992
0.04145869
0.4688
0.4336
0.4383
0.4336
0.01215513
