real-abc
0.1993
0.1873
0.1896
0.1863
0.003611243
0.0534
0.0485
0.046
0.0388
0.005517677
0.1827
0.1777
0.1765
0.1726
0.003695087
0.0819
0.0659
0.0668
0.0505
0.007391998
0.299
0.2757
0.2741
0.2492
0.01322444
0.1698
0.1274
0.1283
0.0755
0.02305521
0.35
0.275
0.2828
0.2333
0.03361471
0.2812
0.1953
0.1984
0.1094
0.03673566
0.3617
0.1915
0.2149
0.1702
0.05625097
0
0
0
0
0
0.2069
0.1785
0.1817
0.1667
0.009608504
0.118
0.1014
0.1022
0.087
0.007640717
0.2716
0.179
0.1909
0.1111
0.03763297
0.2471
0.2195
0.2189
0.195
0.0132225
0.3516
0.3164
0.3228
0.2969
0.0175139
