real-de
0.1922
0.1873
0.1876
0.1873
0.001233498
0.0534
0.0437
0.0453
0.0388
0.004654984
0.1827
0.1777
0.1778
0.1726
0.002487982
0.0563
0.0487
0.0488
0.046
0.00205385
0.2724
0.2724
0.2723
0.2691
0.0006065588
0.1604
0.1226
0.1261
0.1038
0.01595684
0.3417
0.2833
0.2864
0.225
0.02509401
0.25
0.1797
0.1844
0.125
0.0363324
0.3404
0.1915
0.1929
0.1702
0.03206535
0
0
0
0
0
0.1608
0.1525
0.1519
0.1424
0.004640537
0.118
0.0932
0.0938
0.0787
0.009834275
0.1975
0.1728
0.1774
0.1358
0.01571125
0.2096
0.1809
0.183
0.1616
0.01243413
0.3516
0.3477
0.3384
0.2969
0.02055464
