real-pso
0.2118
0.1873
0.1899
0.1832
0.006318697
0.0534
0.0461
0.0453
0.0388
0.00447702
0.3401
0.1777
0.2047
0.1675
0.06168675
0.0675
0.0559
0.0559
0.0489
0.005581823
0.299
0.2674
0.2673
0.2425
0.01495292
0.1604
0.1321
0.1264
0.0849
0.02051976
0.3333
0.2792
0.2828
0.2417
0.02475293
0.2656
0.1875
0.1943
0.125
0.03753665
0.3404
0.1915
0.2121
0.1489
0.0465756
0
0
0
0
0
0.1844
0.164
0.1659
0.1543
0.00802167
0.1035
0.0932
0.0932
0.0807
0.00663685
0.284
0.1852
0.1889
0.1235
0.04303009
0.2263
0.2044
0.2033
0.1835
0.0100931
0.3555
0.3262
0.3263
0.2812
0.01758137
