real-pso
0.4064
0.3704
0.329
0.1855
0.0852842
0.0922
0.0777
0.082
0.0777
0.006787742
0.5228
0.1599
0.186
0.1574
0.09184082
0.4285
0.3105
0.3088
0.2232
0.05629769
0.3721
0.299
0.3059
0.2658
0.02253153
0.1981
0.1226
0.1226
0.066
0.03084438
0.3583
0.3083
0.2956
0.2083
0.03857702
0.4688
0.2734
0.2672
0.0938
0.07789297
0.4255
0.3404
0.3213
0.234
0.04231408
0.1948
0.0131
0.0258
0.0086
0.04639094
0.555
0.4314
0.4372
0.3292
0.0602551
0.1801
0.1511
0.1505
0.1159
0.01617623
0.3086
0.2222
0.2255
0.1235
0.04300362
0.4234
0.3347
0.3339
0.2065
0.05920215
0.5391
0.4512
0.4572
0.4141
0.03484028
