0.9223300970873787 1
0.9223300970873787 1
0.9223300970873787 1
0.9223300970873787 1
0.9223300970873787 1
0.9223300970873787 1
0.9223300970873787 1
0.9223300970873787 1
0.9223300970873787 1
0.9223300970873787 1
0.9223300970873787 1
0.9223300970873787 1
0.9223300970873787 1
0.9223300970873787 1
0.9223300970873787 1
0.9223300970873787 1
0.9223300970873787 1
0.9223300970873787 1
0.9223300970873787 1
0.9223300970873787 1
0.9223300970873787 1
0.9223300970873787 1
0.9223300970873787 1
0.9223300970873787 1
0.9223300970873787 1
0.9223300970873787 1
0.9223300970873787 1
0.9223300970873787 1
0.9223300970873787 1
0.9223300970873787 1
