22.24603174603175,22.092063492063485,21.37777777777778,21.27301587301588,21.536507936507935,21.56031746031746,21.73015873015873,21.91428571428572,21.142857142857146,20.95396825396826,20.43015873015873,20.65714285714286,22.20952380952381,21.798412698412694,21.784126984126985,21.796825396825394,21.955555555555563,21.103174603174605,22.25396825396826,21.503174603174603,21.80476190476191,22.800000000000008,20.947619047619046,21.519047619047626,22.12857142857143,21.57142857142857,21.595238095238095,21.226984126984124,21.04444444444444,21.793650793650794
20.617460317460324,20.549206349206347,19.039682539682538,20.077777777777783,20.550793650793654,20.56507936507937,19.730158730158728,21.052380952380954,18.877777777777784,19.64920634920635,19.307936507936507,18.17460317460318,20.538095238095245,20.25873015873016,21.304761904761904,20.779365079365082,20.925396825396827,19.78095238095238,20.48571428571429,19.614285714285717,20.595238095238095,21.565079365079367,19.803174603174604,20.717460317460322,19.761904761904763,19.77619047619047,19.817460317460316,18.922222222222224,20.17301587301587,20.361904761904768
20.58730158730159,19.038095238095245,18.18571428571429,19.36507936507937,19.77142857142857,19.703174603174602,18.244444444444433,20.39365079365079,17.615873015873017,19.17777777777777,18.69206349206349,18.146031746031742,19.544444444444448,18.73174603174603,21.361904761904764,20.02063492063492,19.25555555555555,19.088888888888885,19.95079365079365,19.214285714285715,19.341269841269842,19.811111111111114,17.911111111111108,20.36825396825397,17.56984126984127,19.23492063492063,18.795238095238094,17.901587301587302,18.922222222222224,19.238095238095237
19.72222222222222,18.936507936507937,18.44285714285714,18.995238095238093,17.63015873015873,18.385714285714286,17.00793650793651,20.11269841269841,16.892063492063492,18.106349206349204,19.277777777777775,17.56031746031746,19.038095238095238,18.58095238095238,19.91904761904762,20.282539682539678,18.225396825396825,18.03650793650793,18.24126984126984,17.355555555555558,18.561904761904767,19.049206349206347,16.679365079365077,19.077777777777783,16.720634920634915,18.828571428571426,18.341269841269845,17.39206349206349,17.120634920634917,19.36031746031746
19.776190476190475,17.296825396825394,17.901587301587305,18.02380952380952,18.774603174603175,18.25873015873016,15.795238095238092,19.673015873015874,15.869841269841269,18.393650793650792,18.309523809523814,17.153968253968248,18.088888888888885,17.96507936507937,18.6015873015873,18.911111111111115,17.495238095238097,17.293650793650787,18.057142857142857,15.803174603174604,18.198412698412696,18.04126984126984,16.619047619047624,18.707936507936513,16.95714285714286,19.046031746031755,17.123809523809527,17.125396825396823,16.773015873015872,18.07619047619047
19.09365079365079,16.604761904761908,17.12857142857143,17.74920634920635,17.555555555555554,17.093650793650795,16.130158730158726,19.366666666666667,14.97460317460317,17.969841269841268,17.49206349206349,16.99841269841269,17.26031746031746,17.33650793650794,18.268253968253976,18.22857142857143,17.411111111111115,17.506349206349206,16.45555555555556,15.707936507936505,17.003174603174603,17.939682539682533,15.834920634920634,18.388888888888893,17.35873015873016,18.273015873015872,17.585714285714285,16.334920634920636,16.98730158730159,17.39999999999999
19.06031746031746,16.204761904761902,17.133333333333333,17.122222222222224,17.641269841269835,16.501587301587296,15.609523809523807,18.26190476190476,15.06825396825397,17.142857142857142,17.966666666666665,16.585714285714285,16.746031746031743,17.212698412698412,17.52857142857143,18.507936507936506,16.796825396825398,17.39365079365079,16.068253968253963,15.455555555555554,17.00952380952381,17.387301587301582,15.228571428571424,17.76349206349206,17.682539682539684,18.003174603174607,17.661904761904758,15.825396825396828,16.63015873015873,16.966666666666665
19.06031746031746,15.290476190476182,17.15555555555555,17.350793650793648,17.861904761904757,16.353968253968254,15.79206349206349,17.482539682539677,15.549206349206349,17.97460317460317,18.153968253968248,16.419047619047618,16.847619047619045,16.146031746031746,17.325396825396822,17.963492063492065,16.76984126984127,17.041269841269838,15.269841269841272,14.852380952380944,17.149206349206345,16.320634920634923,14.753968253968253,17.660317460317458,17.130158730158733,16.992063492063487,17.234920634920634,15.498412698412698,15.976190476190476,16.83809523809523
18.422222222222224,14.938095238095237,17.022222222222222,16.179365079365077,17.52539682539683,16.425396825396824,15.182539682539687,17.463492063492065,15.480952380952381,16.923809523809524,17.31428571428571,15.295238095238096,16.258730158730152,15.341269841269838,17.16190476190476,17.66349206349206,16.823809523809523,16.226984126984124,15.765079365079364,14.979365079365078,16.473015873015875,15.523809523809518,14.538095238095242,17.047619047619047,16.53492063492063,17.40634920634921,17.2,14.81269841269841,14.960317460317459,16.122222222222224
18.636507936507932,15.603174603174603,16.279365079365085,16.657142857142855,16.84126984126984,17.311111111111114,14.58095238095238,16.557142857142857,15.590476190476188,16.69047619047619,16.83174603174603,15.374603174603171,16.077777777777776,15.171428571428567,16.430158730158727,17.488888888888887,15.54126984126984,16.48412698412698,15.250793650793652,15.25238095238095,16.2968253968254,15.160317460317458,13.74920634920635,16.315873015873013,16.014285714285705,17.504761904761903,16.676190476190474,15.217460317460313,15.717460317460317,16.512698412698416
18.296825396825394,14.679365079365077,16.28730158730159,15.519047619047617,16.901587301587305,16.55396825396825,14.992063492063487,16.71746031746031,14.955555555555554,16.53809523809524,16.17142857142857,15.109523809523811,15.83015873015873,15.196825396825394,16.073015873015873,16.626984126984127,16.37301587301587,16.704761904761902,15.54126984126984,14.990476190476187,16.138095238095236,14.887301587301586,13.033333333333337,16.97936507936508,15.94285714285714,17.05714285714286,17.41111111111111,15.658730158730156,14.395238095238094,16.36190476190476
18.5,15.171428571428567,16.3063492063492,15.812698412698406,16.039682539682538,17.90793650793651,14.901587301587304,16.588888888888885,14.865079365079366,16.04603174603175,15.92698412698412,14.68730158730158,15.992063492063492,14.980952380952385,15.93015873015873,16.063492063492063,15.693650793650791,15.549206349206344,14.984126984126982,13.899999999999997,16.20952380952381,14.233333333333336,13.833333333333336,16.72380952380952,16.098412698412695,17.6015873015873,16.328571428571426,15.046031746031742,14.360317460317459,16.709523809523805
17.257142857142856,14.073015873015871,15.41904761904762,15.453968253968254,15.9984126984127,16.652380952380955,14.152380952380948,15.731746031746033,14.422222222222224,15.652380952380957,15.13968253968253,15.006349206349203,15.82380952380952,15.111111111111105,15.266666666666659,16.053968253968254,16.55396825396825,15.444444444444441,15.215873015873013,14.566666666666666,16.115873015873017,15.507936507936504,14.258730158730161,16.058730158730157,15.892063492063489,16.852380952380948,17.334920634920632,14.200000000000005,13.773015873015868,16.44444444444445
17.06349206349207,14.147619047619044,15.884126984126981,15.465079365079358,15.720634920634922,16.069841269841273,14.292063492063495,16.384126984126983,14.468253968253965,15.138095238095238,15.492063492063492,15.182539682539678,16.46825396825397,16.068253968253963,14.731746031746026,15.798412698412694,16.607936507936504,15.528571428571428,15.326984126984126,15.241269841269837,15.615873015873015,14.396825396825394,13.814285714285713,16.238095238095234,15.52063492063492,16.525396825396818,16.895238095238092,13.66984126984127,13.777777777777777,16.55714285714286
18.02698412698412,14.417460317460323,16.212698412698412,16.298412698412697,14.76666666666667,16.37142857142857,14.400000000000002,15.715873015873012,14.241269841269842,15.060317460317462,15.331746031746027,15.458730158730159,16.52539682539682,14.725396825396826,14.674603174603176,15.841269841269844,16.21428571428571,14.98412698412698,14.709523809523814,14.280952380952378,15.630158730158731,14.366666666666664,13.306349206349209,15.909523809523806,14.87142857142857,16.2047619047619,16.382539682539672,13.674603174603169,13.092063492063488,16.433333333333337
17.612698412698414,14.423809523809522,15.487301587301586,15.049206349206345,14.465079365079369,15.765079365079362,13.912698412698417,15.811111111111105,15.041269841269836,15.093650793650788,14.860317460317459,14.747619047619049,15.399999999999997,15.288888888888888,14.103174603174603,15.373015873015877,16.092063492063488,15.10793650793651,14.541269841269838,14.725396825396825,15.476190476190478,13.633333333333328,13.46825396825397,15.777777777777775,15.093650793650792,17.068253968253963,16.796825396825398,13.593650793650792,13.606349206349202,16.455555555555556
16.847619047619045,14.473015873015868,15.401587301587305,15.342857142857138,14.868253968253965,16.536507936507935,13.038095238095236,16.039682539682534,14.949206349206348,14.82539682539682,15.109523809523807,14.65238095238095,15.530158730158728,14.980952380952383,13.947619047619042,15.21428571428571,16.5015873015873,15.071428571428571,14.452380952380947,14.84444444444444,15.747619047619049,14.414285714285711,13.971428571428568,15.990476190476187,14.392063492063492,16.441269841269836,16.365079365079364,14.11269841269841,13.519047619047619,17.1015873015873
16.866666666666667,14.560317460317462,15.699999999999996,15.298412698412697,14.723809523809523,16.315873015873017,13.369841269841265,16.15396825396825,13.765079365079364,15.006349206349206,15.304761904761904,14.879365079365073,15.353968253968246,15.123809523809522,14.069841269841271,14.784126984126987,16.055555555555554,14.260317460317454,15.539682539682538,15.104761904761904,15.938095238095237,14.595238095238097,13.314285714285713,15.866666666666662,14.869841269841265,16.5031746031746,15.628571428571428,13.6015873015873,12.669841269841273,16.698412698412692
16.96031746031746,13.74920634920635,15.5968253968254,15.115873015873015,14.611111111111112,15.852380952380948,13.234920634920632,16.598412698412698,13.05079365079365,13.566666666666672,15.54761904761904,14.463492063492067,14.761904761904757,14.120634920634918,13.8984126984127,14.747619047619047,16.57936507936508,14.063492063492056,15.073015873015871,15.687301587301578,14.976190476190478,13.89999999999999,13.831746031746027,15.815873015873011,15.247619047619045,16.77777777777778,15.255555555555555,13.65079365079365,13.044444444444444,16.473015873015875
17.087301587301592,13.806349206349205,15.44920634920635,15.049206349206345,15.625396825396823,15.707936507936504,12.126984126984123,15.47301587301587,14.265079365079355,14.996825396825397,15.314285714285711,14.825396825396826,14.515873015873012,13.211111111111107,13.85555555555555,14.388888888888891,15.742857142857138,13.868253968253972,14.99206349206349,15.326984126984122,13.673015873015874,14.280952380952375,13.712698412698414,15.858730158730161,14.574603174603173,16.544444444444437,15.015873015873016,13.934920634920632,13.566666666666665,16.066666666666666
16.814285714285713,13.739682539682537,15.141269841269839,15.44126984126984,14.831746031746032,15.531746031746032,11.44285714285714,15.304761904761902,13.026984126984125,14.703174603174604,15.644444444444442,15.069841269841268,13.773015873015872,14.865079365079366,14.515873015873012,14.725396825396823,16.2047619047619,13.606349206349202,14.919047619047616,14.425396825396824,14.71269841269841,14.696825396825398,13.928571428571429,16.18412698412698,14.899999999999997,16.4079365079365,14.639682539682541,13.969841269841275,13.493650793650792,16.65873015873016
16.950793650793646,13.92380952380952,14.777777777777775,14.765079365079366,14.823809523809523,15.279365079365077,11.37301587301587,15.72698412698412,12.604761904761904,13.38730158730159,15.417460317460314,14.507936507936504,14.02857142857143,14.66984126984127,14.196825396825394,14.844444444444441,15.884126984126985,13.955555555555554,14.344444444444441,14.463492063492058,15.190476190476193,13.660317460317458,13.752380952380951,16.023809523809522,14.369841269841269,16.930158730158727,14.746031746031747,13.369841269841261,13.974603174603173,15.960317460317462
16.193650793650793,14.163492063492061,15.173015873015869,13.996825396825393,14.061904761904758,16.074603174603176,11.419047619047614,15.217460317460313,13.485714285714282,13.442857142857143,15.207936507936502,14.569841269841266,14.088888888888887,14.644444444444444,13.663492063492061,14.73809523809524,16.112698412698414,13.919047619047614,14.392063492063494,14.328571428571426,15.839682539682538,14.19523809523809,14.296825396825398,16.557142857142857,14.05079365079365,16.206349206349202,15.187301587301587,13.819047619047616,12.931746031746025,15.44761904761905
16.609523809523804,13.426984126984125,14.458730158730155,14.884126984126977,13.974603174603168,15.917460317460318,10.685714285714282,15.663492063492061,14.161904761904763,13.231746031746033,14.119047619047617,14.698412698412694,13.522222222222215,14.007936507936508,13.53333333333333,14.336507936507935,16.006349206349203,13.488888888888887,14.27619047619047,14.595238095238093,15.46984126984127,13.7015873015873,14.08412698412699,15.73492063492063,13.985714285714288,16.004761904761903,15.479365079365078,13.546031746031742,12.825396825396824,15.890476190476189
15.752380952380951,13.985714285714288,13.834920634920632,14.188888888888886,14.2031746031746,16.179365079365077,11.35396825396825,16.26984126984127,13.619047619047615,12.574603174603173,14.717460317460315,14.199999999999992,13.955555555555554,15.242857142857144,13.393650793650789,13.99523809523809,15.792063492063495,13.834920634920634,14.680952380952382,14.88888888888889,14.32063492063492,13.053968253968254,12.911111111111108,15.026984126984127,13.55079365079365,15.509523809523808,14.973015873015875,12.958730158730155,13.396825396825394,15.538095238095234
17.074603174603173,13.565079365079363,14.490476190476187,14.255555555555551,14.604761904761896,15.012698412698414,11.042857142857144,15.76031746031746,14.382539682539685,12.660317460317454,14.385714285714284,13.420634920634916,13.868253968253969,14.861904761904757,12.911111111111103,13.509523809523806,16.18571428571428,13.247619047619049,14.338095238095235,13.971428571428572,14.258730158730154,13.50634920634921,14.382539682539676,15.32539682539682,13.67936507936508,15.465079365079363,14.868253968253963,12.836507936507935,13.54126984126984,15.582539682539684
16.76825396825397,14.128571428571428,15.550793650793647,13.831746031746029,14.525396825396824,15.876190476190478,12.376190476190482,15.404761904761903,14.34285714285714,13.59682539682539,14.469841269841266,14.842857142857136,14.309523809523812,13.568253968253964,13.742857142857142,13.45714285714285,16.08888888888889,13.820634920634923,13.769841269841265,14.03809523809524,14.163492063492063,13.847619047619046,14.092063492063486,15.688888888888886,14.615873015873015,15.458730158730157,15.404761904761907,13.29206349206349,12.653968253968253,16.309523809523807
16.75555555555555,13.941269841269843,14.97142857142857,13.788888888888886,14.352380952380951,15.47301587301587,11.72380952380952,15.609523809523804,14.073015873015871,14.01111111111111,14.696825396825396,14.566666666666665,14.080952380952375,14.152380952380952,15.079365079365079,13.652380952380947,16.48095238095238,12.904761904761905,14.247619047619052,13.926984126984125,14.128571428571426,13.420634920634923,13.711111111111109,15.428571428571425,13.373015873015873,15.75555555555555,16.139682539682543,13.652380952380952,13.726984126984124,15.468253968253974
15.988888888888885,13.550793650793654,15.400000000000002,13.677777777777772,14.109523809523807,15.56825396825397,11.957142857142859,14.73492063492063,13.066666666666663,12.282539682539682,14.342857142857145,15.004761904761901,13.66190476190476,13.97142857142857,13.666666666666663,13.077777777777774,15.661904761904761,14.41746031746032,14.277777777777775,14.128571428571433,14.441269841269836,13.044444444444446,13.896825396825394,15.717460317460317,13.347619047619048,15.323809523809523,15.426984126984127,14.044444444444443,13.65238095238095,16.192063492063497
16.417460317460314,13.980952380952377,15.76190476190476,13.63968253968253,15.231746031746026,14.758730158730152,10.911111111111108,15.096825396825391,13.584126984126982,12.592063492063488,14.690476190476192,15.276190476190475,13.604761904761904,13.868253968253963,14.157142857142848,13.422222222222222,16.188888888888886,13.528571428571428,13.755555555555553,14.344444444444445,13.696825396825398,13.844444444444445,13.557142857142852,15.633333333333331,12.658730158730156,15.080952380952377,14.338095238095237,14.819047619047621,12.596825396825393,15.85079365079365
16.25079365079365,13.915873015873018,15.234920634920627,13.760317460317463,14.666666666666663,15.230158730158731,11.538095238095236,14.942857142857145,13.830158730158724,12.228571428571426,14.487301587301586,14.212698412698408,13.649206349206345,14.414285714285711,13.512698412698409,14.01111111111111,15.193650793650791,13.426984126984129,13.155555555555553,14.66984126984127,14.250793650793648,13.447619047619046,13.14761904761904,15.201587301587304,13.128571428571423,14.820634920634912,14.557142857142855,13.438095238095237,12.490476190476189,15.661904761904763
16.557142857142857,13.76666666666667,14.990476190476189,13.988888888888887,13.72539682539682,14.647619047619049,11.714285714285712,14.349206349206346,14.836507936507935,11.598412698412695,13.688888888888888,13.858730158730156,14.430158730158727,13.185714285714283,13.260317460317454,13.39047619047619,15.447619047619048,13.599999999999998,13.039682539682534,14.147619047619049,14.115873015873015,13.796825396825394,13.344444444444438,16.13968253968254,12.242857142857142,14.507936507936503,14.501587301587298,13.431746031746032,11.96190476190476,16.190476190476193
16.33492063492063,13.84126984126984,14.77460317460317,14.463492063492062,13.57777777777777,14.461904761904757,11.853968253968253,15.163492063492065,14.02063492063492,11.985714285714279,13.244444444444444,14.003174603174603,13.301587301587297,13.261904761904756,12.869841269841258,14.596825396825388,15.928571428571425,12.59047619047619,13.487301587301586,13.925396825396824,13.58095238095238,13.871428571428574,13.199999999999996,15.50793650793651,12.528571428571427,15.050793650793647,13.51111111111111,13.506349206349205,12.814285714285708,15.792063492063493
15.852380952380951,14.158730158730155,15.198412698412692,13.958730158730157,14.23492063492063,15.241269841269839,11.414285714285715,14.806349206349203,14.547619047619046,12.434920634920632,14.447619047619044,13.88571428571428,13.079365079365077,14.15873015873016,13.074603174603165,13.684126984126982,15.590476190476188,13.249206349206348,15.233333333333333,13.231746031746031,13.150793650793647,14.282539682539683,13.258730158730156,14.725396825396826,13.79682539682539,15.504761904761903,13.57619047619047,13.623809523809523,13.13015873015873,15.861904761904766
16.6015873015873,14.019047619047615,14.56349206349206,13.619047619047615,12.953968253968249,15.668253968253964,11.209523809523803,14.296825396825392,15.044444444444443,12.542857142857143,13.631746031746037,13.19206349206349,14.036507936507933,14.501587301587302,12.582539682539679,13.750793650793641,16.090476190476192,13.868253968253969,13.806349206349207,13.022222222222224,14.84285714285714,13.696825396825393,13.517460317460312,15.312698412698413,12.109523809523806,14.885714285714277,14.747619047619049,13.717460317460317,13.061904761904758,16.195238095238093
15.46190476190476,13.844444444444445,13.979365079365072,13.704761904761899,13.658730158730153,15.93650793650794,11.828571428571426,14.177777777777775,14.633333333333333,12.131746031746028,13.874603174603173,13.67460317460317,14.312698412698412,13.760317460317454,13.877777777777775,14.385714285714283,15.857142857142854,12.885714285714284,13.690476190476188,13.392063492063492,14.234920634920632,13.507936507936508,14.719047619047616,15.028571428571427,12.163492063492063,14.965079365079363,14.507936507936504,13.226984126984124,12.836507936507934,15.974603174603171
15.52857142857143,14.385714285714284,14.377777777777776,12.855555555555554,13.274603174603168,14.76984126984127,11.422222222222219,15.212698412698412,14.407936507936506,12.663492063492063,14.044444444444446,13.398412698412693,14.807936507936505,13.917460317460314,13.676190476190476,13.312698412698406,15.730158730158733,13.384126984126983,12.879365079365074,13.009523809523804,13.504761904761896,13.70793650793651,13.274603174603168,14.534920634920637,12.877777777777771,14.874603174603171,15.225396825396825,13.442857142857138,13.085714285714282,15.417460317460321
15.920634920634917,14.117460317460315,14.722222222222209,13.774603174603167,12.780952380952375,14.800000000000004,11.019047619047623,14.042857142857148,12.941269841269843,12.885714285714283,14.131746031746031,13.103174603174601,14.51428571428571,13.033333333333323,13.241269841269839,12.347619047619041,15.24603174603174,13.7,13.434920634920635,14.07301587301587,13.287301587301583,13.361904761904764,13.585714285714289,14.955555555555556,12.147619047619049,14.887301587301586,13.434920634920633,13.726984126984126,13.460317460317459,15.968253968253968
16.1015873015873,14.547619047619044,13.73333333333333,13.188888888888885,13.39365079365079,14.492063492063497,10.952380952380947,13.809523809523808,13.94126984126984,11.71269841269841,14.185714285714285,13.388888888888886,14.817460317460318,13.312698412698406,12.933333333333326,13.353968253968253,15.873015873015872,13.933333333333335,13.119047619047615,13.117460317460315,13.060317460317458,13.493650793650794,13.780952380952382,14.880952380952383,12.488888888888887,15.369841269841269,14.17142857142857,13.482539682539675,14.084126984126982,15.874603174603177
15.1063492063492,13.303174603174595,14.101587301587303,12.901587301587295,14.342857142857136,15.122222222222225,11.552380952380952,13.822222222222218,14.152380952380948,11.52857142857143,14.022222222222222,13.547619047619046,13.587301587301583,12.679365079365072,14.512698412698409,13.17936507936508,16.3063492063492,13.087301587301589,13.9031746031746,13.542857142857141,14.250793650793655,13.558730158730157,13.23174603174603,14.603174603174606,12.393650793650787,15.079365079365072,13.812698412698413,13.161904761904765,12.169841269841266,15.674603174603183
15.276190476190468,13.726984126984124,14.612698412698405,13.236507936507934,13.650793650793648,15.12698412698413,11.265079365079362,14.169841269841271,14.534920634920635,12.034920634920628,13.833333333333336,13.822222222222223,13.83650793650793,13.065079365079358,14.531746031746025,13.585714285714284,15.855555555555553,13.28730158730159,14.090476190476192,13.919047619047614,14.415873015873013,13.528571428571432,12.988888888888884,14.939682539682542,11.92698412698412,15.150793650793652,13.457142857142859,12.646031746031747,12.57936507936508,15.728571428571435
15.798412698412697,12.447619047619048,14.606349206349204,12.977777777777776,13.441269841269836,15.53968253968254,11.173015873015872,14.520634920634913,14.226984126984124,12.487301587301582,14.055555555555559,13.774603174603168,13.760317460317458,12.493650793650788,14.517460317460314,13.53333333333333,15.580952380952375,13.347619047619048,13.449206349206346,13.54603174603174,14.288888888888891,12.801587301587299,13.903174603174595,14.788888888888891,11.617460317460317,14.914285714285707,12.682539682539687,13.031746031746032,12.274603174603168,15.347619047619046
15.35555555555555,14.023809523809526,14.238095238095234,13.4,14.257142857142858,15.273015873015868,11.88888888888889,14.68888888888889,13.836507936507934,12.607936507936506,13.439682539682542,13.342857142857143,13.857142857142858,12.787301587301583,13.684126984126983,14.082539682539673,16.414285714285718,13.571428571428571,12.890476190476187,12.860317460317459,14.255555555555556,12.823809523809523,13.66984126984127,14.892063492063489,11.069841269841266,14.812698412698415,12.896825396825397,13.152380952380955,12.61746031746031,14.988888888888887
15.293650793650794,13.230158730158728,14.379365079365073,13.393650793650794,14.139682539682537,15.226984126984128,11.415873015873013,14.547619047619053,13.673015873015876,11.761904761904757,14.715873015873019,13.666666666666668,14.579365079365079,13.43650793650793,13.692063492063486,13.993650793650792,15.95555555555555,12.793650793650794,14.714285714285714,13.199999999999994,14.496825396825392,12.92222222222222,12.898412698412697,14.796825396825398,12.27142857142857,14.895238095238092,13.036507936507938,13.093650793650788,12.565079365079363,15.858730158730161
16.206349206349206,13.009523809523804,13.822222222222216,12.715873015873012,13.190476190476184,15.457142857142859,10.673015873015867,14.346031746031745,13.64126984126984,12.412698412698406,14.390476190476193,13.128571428571423,13.296825396825396,13.017460317460317,13.196825396825394,13.757142857142851,15.71904761904762,13.161904761904765,13.276190476190475,13.190476190476184,14.493650793650788,13.636507936507936,13.1031746031746,14.650793650793652,11.841269841269842,15.190476190476184,12.606349206349202,13.588888888888894,12.920634920634917,15.142857142857142
15.715873015873012,12.141269841269835,14.363492063492057,13.1031746031746,13.477777777777776,15.095238095238097,11.22539682539682,13.91746031746032,13.831746031746027,12.906349206349205,13.974603174603175,13.790476190476195,13.853968253968251,13.15555555555555,12.365079365079358,13.592063492063486,15.963492063492064,13.207936507936507,13.76349206349206,12.884126984126981,13.512698412698407,13.915873015873023,13.579365079365077,14.30793650793651,11.7,14.806349206349202,11.928571428571427,12.47777777777778,12.02222222222222,15.63809523809524
15.344444444444441,12.790476190476188,13.779365079365077,13.307936507936507,13.657142857142853,15.330158730158729,11.134920634920634,13.68253968253968,14.493650793650792,13.025396825396827,13.058730158730162,13.47460317460317,13.698412698412694,13.09682539682539,13.633333333333328,12.512698412698406,15.55238095238095,13.650793650793652,12.877777777777778,13.496825396825393,14.698412698412698,13.768253968253967,14.725396825396826,14.865079365079367,12.3047619047619,15.03333333333333,13.060317460317458,12.693650793650793,12.915873015873007,15.968253968253967
16.03333333333333,12.366666666666665,13.771428571428569,13.831746031746027,13.155555555555546,15.539682539682541,11.528571428571427,14.542857142857137,13.939682539682542,11.63809523809524,13.773015873015868,13.122222222222215,14.352380952380951,13.298412698412694,13.469841269841265,13.490476190476185,15.696825396825393,13.133333333333331,12.587301587301585,13.676190476190477,15.00793650793651,13.433333333333334,13.569841269841273,15.100000000000001,11.703174603174597,14.707936507936502,12.792063492063487,12.465079365079365,12.91587301587301,16.261904761904763
16.56190476190476,12.550793650793649,14.366666666666664,13.273015873015867,13.023809523809518,15.488888888888889,12.09206349206349,13.880952380952381,13.919047619047616,11.22857142857143,13.314285714285715,13.203174603174602,13.339682539682538,12.657142857142855,13.512698412698409,13.549206349206345,15.7,13.12857142857143,12.466666666666661,13.725396825396823,13.928571428571429,13.614285714285717,13.868253968253969,15.187301587301588,11.219047619047615,15.060317460317458,12.726984126984128,12.160317460317454,12.8047619047619,16.620634920634924
16.280952380952378,13.315873015873006,13.26190476190476,12.638095238095229,13.565079365079361,14.714285714285714,11.914285714285718,14.480952380952377,12.89047619047619,13.207936507936505,13.260317460317458,13.039682539682541,14.130158730158733,12.961904761904755,13.376190476190475,13.88095238095238,15.739682539682535,13.311111111111112,11.65238095238095,13.63809523809524,13.201587301587297,13.844444444444443,13.420634920634916,14.72063492063492,13.101587301587301,14.36190476190476,12.55555555555555,12.70634920634921,12.788888888888884,15.723809523809518
15.790476190476186,12.919047619047614,13.111111111111109,12.858730158730152,12.823809523809526,14.771428571428572,11.930158730158727,14.147619047619044,13.193650793650795,12.934920634920635,13.577777777777776,12.766666666666664,14.547619047619044,12.192063492063486,13.07936507936508,13.431746031746027,14.806349206349207,13.03809523809524,13.139682539682534,14.119047619047622,14.346031746031743,14.139682539682532,13.766666666666667,14.746031746031745,12.595238095238093,14.606349206349204,13.25714285714286,12.468253968253963,12.558730158730153,14.890476190476189
16.23650793650793,12.64285714285714,13.620634920634908,12.838095238095233,12.777777777777773,15.176190476190474,12.763492063492064,14.53492063492063,14.382539682539683,12.693650793650793,13.919047619047623,12.811111111111108,14.203174603174602,13.223809523809514,14.014285714285712,13.117460317460313,14.871428571428572,12.903174603174602,12.365079365079358,12.688888888888894,13.914285714285711,14.630158730158733,12.942857142857138,15.646031746031744,12.439682539682533,14.412698412698413,12.83333333333333,11.804761904761904,12.56349206349206,15.436507936507931
15.985714285714282,12.498412698412695,14.111111111111107,12.530158730158723,13.165079365079363,15.439682539682538,12.073015873015875,13.942857142857141,13.220634920634916,12.999999999999993,14.49206349206349,12.979365079365076,14.147619047619047,13.01904761904761,13.136507936507932,13.201587301587296,15.452380952380956,12.961904761904764,12.11746031746031,13.158730158730156,13.707936507936505,14.073015873015875,12.761904761904756,15.52063492063492,12.390476190476189,14.080952380952375,12.60634920634921,12.574603174603178,12.298412698412701,14.826984126984124
15.89523809523809,12.758730158730158,14.52063492063492,13.042857142857137,13.901587301587293,14.423809523809524,12.322222222222221,14.122222222222215,13.011111111111111,12.185714285714285,14.130158730158728,13.063492063492065,14.026984126984125,12.992063492063487,12.92698412698412,12.585714285714282,15.506349206349203,14.11111111111111,12.165079365079361,13.260317460317458,13.760317460317458,12.825396825396826,12.461904761904758,15.161904761904763,12.27142857142857,14.873015873015872,12.13015873015873,11.830158730158727,12.938095238095235,14.603174603174606
15.863492063492059,13.05238095238095,13.122222222222216,13.023809523809518,13.84285714285714,15.076190476190478,12.515873015873012,14.369841269841267,14.341269841269842,12.515873015873012,12.861904761904755,13.301587301587299,14.511111111111111,12.36507936507936,12.593650793650784,13.680952380952379,15.299999999999999,13.011111111111113,12.41904761904762,12.977777777777776,14.741269841269839,12.746031746031747,13.58412698412698,14.947619047619048,11.428571428571425,14.077777777777772,12.961904761904758,11.387301587301582,12.926984126984118,15.895238095238096
15.642857142857139,14.752380952380953,13.94761904761904,13.457142857142856,13.679365079365077,14.707936507936505,12.753968253968251,14.04761904761904,13.346031746031745,12.91904761904762,13.644444444444444,13.388888888888884,14.622222222222224,13.958730158730155,12.67142857142857,12.742857142857135,15.323809523809523,12.75714285714286,13.29206349206349,13.73174603174603,13.914285714285718,13.846031746031748,13.428571428571425,15.115873015873019,10.752380952380948,14.568253968253966,13.615873015873012,11.488888888888887,12.799999999999992,15.596825396825398
15.109523809523811,14.044444444444444,13.755555555555551,13.271428571428567,13.971428571428566,14.02857142857143,12.174603174603169,15.577777777777774,13.23333333333333,13.882539682539685,13.038095238095236,12.97460317460317,13.693650793650793,13.039682539682534,13.258730158730154,13.111111111111107,13.974603174603175,12.855555555555554,13.171428571428573,13.030158730158726,14.028571428571427,13.877777777777778,13.874603174603175,15.66984126984127,11.025396825396827,14.273015873015872,13.677777777777777,11.56349206349206,11.801587301587299,15.750793650793646
16.476190476190478,13.439682539682535,13.315873015873013,13.276190476190473,14.344444444444436,14.482539682539683,11.968253968253965,14.23333333333333,13.16190476190476,12.641269841269839,13.536507936507943,13.70952380952381,13.32539682539682,13.858730158730157,13.006349206349197,14.38571428571428,14.788888888888886,12.606349206349204,12.960317460317466,13.607936507936508,12.488888888888884,13.873015873015873,13.693650793650795,15.569841269841271,11.26507936507936,14.49206349206349,12.771428571428574,11.757142857142854,12.080952380952375,15.425396825396831
15.211111111111101,14.126984126984123,13.722222222222218,12.574603174603169,13.57460317460317,14.860317460317459,11.853968253968253,14.442857142857143,13.044444444444443,13.177777777777775,13.796825396825398,13.85873015873016,13.350793650793646,13.574603174603174,13.446031746031744,13.150793650793643,14.136507936507934,12.22380952380952,13.404761904761903,13.86984126984127,13.97936507936508,13.714285714285714,13.8031746031746,14.86666666666667,11.453968253968247,13.86825396825397,12.825396825396824,12.849206349206353,12.273015873015868,14.223809523809525
15.577777777777776,13.515873015873009,13.514285714285707,12.884126984126981,13.438095238095233,15.404761904761902,11.67936507936508,14.8,12.076190476190478,12.16190476190476,13.309523809523814,13.036507936507936,13.550793650793652,13.255555555555553,13.944444444444445,13.620634920634918,14.590476190476188,12.860317460317463,12.219047619047618,13.507936507936506,14.469841269841265,13.960317460317466,13.05555555555555,14.557142857142859,12.046031746031746,14.925396825396824,12.458730158730157,12.649206349206343,12.330158730158724,14.530158730158723
15.928571428571423,13.112698412698405,12.976190476190466,12.553968253968247,13.277777777777775,14.907936507936508,11.198412698412698,14.274603174603175,12.233333333333338,12.484126984126984,14.404761904761907,12.896825396825394,13.514285714285718,12.571428571428562,13.514285714285714,13.63333333333333,14.323809523809526,13.32063492063492,13.128571428571426,13.823809523809523,14.23809523809524,13.606349206349213,12.707936507936502,15.114285714285709,11.323809523809519,14.509523809523802,12.880952380952383,12.873015873015866,11.799999999999995,14.328571428571426
15.37301587301587,14.112698412698409,12.557142857142855,13.276190476190473,13.019047619047614,14.798412698412703,12.076190476190474,14.538095238095236,14.063492063492061,11.955555555555556,13.642857142857146,13.396825396825397,13.866666666666665,13.192063492063488,14.160317460317462,11.887301587301579,14.747619047619043,12.83968253968254,12.625396825396821,14.7031746031746,13.828571428571426,13.830158730158727,12.222222222222218,14.861904761904759,11.39206349206349,14.633333333333331,12.460317460317462,13.0047619047619,12.450793650793646,14.960317460317459
15.517460317460317,13.0984126984127,13.630158730158723,12.358730158730152,13.246031746031742,14.766666666666664,11.920634920634917,14.506349206349201,14.299999999999995,12.958730158730157,13.095238095238095,13.806349206349209,13.823809523809523,12.631746031746026,13.22063492063492,12.34444444444444,14.914285714285713,12.84920634920635,12.690476190476193,13.596825396825393,13.980952380952377,13.834920634920632,12.601587301587301,14.231746031746033,12.33492063492063,14.055555555555554,12.641269841269835,12.265079365079364,13.57460317460317,14.469841269841272
15.699999999999996,12.13968253968253,13.599999999999998,12.011111111111104,12.887301587301584,14.761904761904757,11.61428571428571,14.63174603174603,13.51587301587301,12.898412698412695,13.650793650793647,13.833333333333336,13.736507936507941,12.53333333333333,14.036507936507936,13.006349206349201,15.457142857142859,12.028571428571427,11.958730158730154,13.361904761904762,13.568253968253968,13.360317460317457,13.401587301587302,14.96825396825397,12.115873015873014,14.880952380952383,11.815873015873013,12.1015873015873,12.317460317460313,14.720634920634916
15.047619047619047,13.119047619047615,13.33333333333333,12.419047619047614,13.768253968253967,15.187301587301587,11.825396825396824,14.714285714285714,12.984126984126979,12.801587301587297,13.939682539682543,13.822222222222221,14.138095238095236,12.330158730158724,12.331746031746027,13.223809523809516,14.966666666666663,13.026984126984122,12.631746031746031,13.863492063492059,14.488888888888889,13.341269841269845,13.165079365079366,15.685714285714285,12.753968253968253,14.17142857142857,12.453968253968258,11.83174603174603,12.384126984126976,15.133333333333333
14.7984126984127,12.666666666666655,13.417460317460314,12.74920634920634,12.949206349206346,15.871428571428568,11.503174603174598,14.877777777777775,12.758730158730152,12.199999999999996,12.974603174603175,14.317460317460313,13.990476190476185,13.373015873015872,13.528571428571421,14.777777777777771,14.585714285714287,12.714285714285712,12.066666666666666,12.926984126984127,13.758730158730158,13.187301587301588,12.993650793650788,15.61428571428572,12.87142857142857,14.312698412698412,12.511111111111116,11.623809523809516,12.89206349206349,15.40317460317461
14.919047619047614,13.528571428571418,13.607936507936506,13.357142857142852,13.306349206349203,14.846031746031747,10.919047619047614,14.22857142857143,13.65396825396825,12.917460317460318,13.403174603174598,13.696825396825398,14.103174603174606,13.538095238095236,13.253968253968251,13.430158730158723,14.861904761904755,12.64603174603174,12.060317460317458,13.03968253968254,13.64285714285714,12.933333333333337,13.188888888888885,15.38730158730159,12.350793650793644,13.838095238095235,12.157142857142857,12.284126984126976,12.844444444444438,15.176190476190481
13.395238095238092,13.506349206349201,13.133333333333331,12.585714285714282,13.452380952380947,14.699999999999996,11.75396825396825,14.498412698412697,12.968253968253967,13.347619047619048,12.966666666666663,13.495238095238088,13.798412698412697,13.253968253968246,13.415873015873013,12.86190476190476,14.403174603174604,12.979365079365072,11.774603174603174,12.873015873015872,13.196825396825398,13.241269841269839,12.701587301587294,14.973015873015878,11.9047619047619,13.744444444444444,12.439682539682538,11.788888888888883,13.333333333333327,14.64285714285714
13.942857142857141,12.976190476190474,12.998412698412693,13.626984126984127,13.193650793650788,14.669841269841266,11.598412698412693,14.922222222222222,12.977777777777778,12.426984126984125,12.51111111111111,13.682539682539678,13.980952380952377,12.388888888888884,13.11746031746031,13.022222222222222,14.84444444444445,13.053968253968254,12.931746031746028,13.768253968253969,12.953968253968245,13.288888888888884,13.031746031746028,14.68730158730159,12.234920634920634,13.711111111111109,12.760317460317465,12.807936507936505,11.971428571428564,15.526984126984122
12.800000000000002,12.871428571428563,13.317460317460311,12.682539682539678,13.420634920634917,14.795238095238098,12.15555555555555,14.184126984126982,13.43174603174603,12.376190476190475,13.28888888888889,13.512698412698409,13.833333333333336,12.895238095238092,13.549206349206347,13.51587301587302,15.146031746031744,12.717460317460318,12.034920634920631,12.547619047619047,12.377777777777771,13.471428571428572,12.480952380952376,14.665079365079366,11.574603174603169,13.988888888888885,12.266666666666667,12.079365079365079,12.3031746031746,15.609523809523813
12.850793650793644,12.912698412698406,13.650793650793648,12.906349206349203,12.77619047619047,14.852380952380951,11.601587301587298,14.450793650793646,12.942857142857145,12.846031746031747,13.360317460317463,13.660317460317458,13.985714285714286,13.553968253968248,13.40952380952381,13.468253968253967,14.342857142857147,12.72698412698412,11.909523809523812,14.485714285714282,13.612698412698414,13.655555555555557,12.28730158730158,15.528571428571432,11.776190476190473,13.446031746031746,13.02222222222222,11.74444444444444,12.761904761904757,15.853968253968253
12.523809523809518,13.509523809523804,13.857142857142856,12.439682539682533,13.617460317460313,14.857142857142854,11.901587301587297,14.179365079365075,13.501587301587303,12.795238095238092,13.058730158730164,13.571428571428571,13.996825396825393,12.06984126984126,13.288888888888884,14.007936507936508,14.461904761904766,12.646031746031747,12.61269841269841,14.16984126984127,13.469841269841272,13.369841269841269,12.838095238095233,15.417460317460316,12.147619047619044,14.266666666666659,12.595238095238097,11.906349206349203,13.226984126984124,15.05238095238095
13.384126984126981,13.044444444444443,14.35079365079365,12.56825396825396,12.919047619047614,15.1031746031746,11.068253968253964,14.204761904761904,13.94761904761904,13.036507936507936,13.025396825396824,13.339682539682535,13.91904761904762,12.81111111111111,13.314285714285711,12.001587301587296,15.555555555555555,12.73650793650793,12.92063492063492,13.739682539682535,13.974603174603173,13.61269841269841,12.201587301587297,15.71904761904762,12.384126984126981,14.461904761904758,12.442857142857141,12.157142857142851,12.94444444444444,14.719047619047625
13.587301587301585,13.246031746031745,14.331746031746027,13.550793650793647,13.388888888888884,15.565079365079361,10.961904761904758,14.109523809523804,13.699999999999998,12.85238095238095,13.238095238095237,14.04126984126984,14.1,12.980952380952377,13.9,12.479365079365076,14.401587301587297,12.636507936507936,12.24444444444444,14.517460317460316,14.020634920634924,13.071428571428568,12.865079365079362,15.557142857142855,12.088888888888885,14.115873015873008,12.47142857142857,12.53174603174603,12.926984126984125,14.604761904761908
13.177777777777774,12.73650793650793,13.449206349206346,12.849206349206344,13.68095238095238,15.31746031746032,10.823809523809523,13.504761904761901,13.06984126984127,13.344444444444445,13.506349206349203,14.101587301587298,13.547619047619047,12.5047619047619,14.52539682539682,13.380952380952376,14.617460317460319,12.704761904761904,13.160317460317462,13.431746031746027,13.750793650793646,12.895238095238094,12.71746031746031,15.477777777777776,12.625396825396823,13.376190476190475,12.622222222222222,12.328571428571426,11.874603174603173,14.452380952380953
12.599999999999993,13.106349206349197,13.623809523809522,12.330158730158724,13.677777777777775,15.265079365079362,11.707936507936505,13.752380952380948,12.72222222222222,12.887301587301584,13.133333333333333,14.241269841269844,14.006349206349208,12.938095238095235,13.517460317460316,13.528571428571427,14.634920634920633,12.801587301587297,13.246031746031743,14.09047619047619,13.709523809523807,13.525396825396822,12.141269841269843,15.519047619047619,12.279365079365073,13.412698412698406,12.571428571428573,12.096825396825391,12.803174603174595,14.447619047619042
12.907936507936503,12.90793650793651,13.285714285714278,12.565079365079365,13.882539682539678,15.995238095238095,12.91269841269841,13.511111111111108,12.758730158730156,12.625396825396827,13.123809523809529,13.326984126984126,13.520634920634917,13.328571428571426,13.628571428571423,13.850793650793642,15.298412698412696,12.73015873015873,12.73174603174603,13.826984126984131,14.095238095238095,13.217460317460313,13.126984126984125,14.919047619047621,11.850793650793651,13.501587301587296,12.361904761904759,12.071428571428573,12.88253968253968,14.619047619047619
11.831746031746029,13.190476190476184,13.622222222222216,12.607936507936506,13.012698412698409,15.636507936507934,11.460317460317459,14.336507936507934,13.577777777777778,12.83333333333333,13.3984126984127,13.417460317460318,13.8015873015873,14.714285714285712,13.388888888888886,13.187301587301587,15.444444444444438,13.119047619047619,12.422222222222217,13.358730158730161,13.212698412698407,13.976190476190478,13.420634920634912,16.22857142857143,11.750793650793648,13.05873015873016,11.812698412698413,12.60952380952381,12.414285714285713,14.553968253968256
12.098412698412695,13.071428571428566,11.998412698412695,13.346031746031745,13.81746031746031,14.955555555555552,11.052380952380945,13.992063492063489,13.426984126984125,11.861904761904759,13.226984126984126,13.017460317460314,13.514285714285718,13.709523809523805,14.369841269841263,12.134920634920631,14.73015873015873,13.331746031746032,12.76349206349206,14.096825396825396,13.715873015873017,12.773015873015872,13.17142857142857,15.055555555555559,11.609523809523811,13.439682539682535,12.880952380952381,13.173015873015867,12.146031746031747,14.776190476190475
13.117460317460312,13.041269841269838,12.809523809523805,13.27460317460317,14.017460317460312,15.59206349206349,11.506349206349201,13.406349206349201,12.877777777777773,12.566666666666661,13.66984126984127,14.042857142857137,13.615873015873017,13.630158730158731,14.188888888888885,13.638095238095234,14.906349206349203,12.84920634920635,12.126984126984127,12.582539682539679,14.165079365079361,12.644444444444446,12.88253968253968,15.477777777777778,12.601587301587296,13.187301587301581,12.66190476190476,12.296825396825396,12.446031746031737,14.942857142857145
12.893650793650787,12.84603174603174,12.84920634920635,13.403174603174598,14.011111111111111,14.915873015873014,11.898412698412695,14.133333333333333,13.596825396825391,12.71269841269841,13.687301587301587,13.16825396825397,13.952380952380954,12.063492063492061,14.395238095238094,12.858730158730156,14.692063492063491,12.780952380952376,11.385714285714277,13.706349206349204,14.66984126984127,12.814285714285717,13.379365079365074,15.688888888888888,12.48253968253968,13.282539682539683,12.48888888888889,12.423809523809519,12.573015873015866,14.190476190476188
12.86507936507936,12.76825396825396,12.78095238095238,11.880952380952381,13.8047619047619,14.933333333333326,12.204761904761904,15.025396825396824,12.7984126984127,12.347619047619052,13.846031746031743,13.64126984126984,13.22222222222222,12.6031746031746,13.230158730158726,13.26349206349206,14.461904761904758,12.598412698412695,11.64285714285714,13.295238095238094,12.904761904761909,12.538095238095236,13.15555555555555,15.596825396825396,12.728571428571424,13.123809523809518,12.720634920634923,12.173015873015865,13.547619047619046,13.92063492063492
12.844444444444441,12.980952380952377,12.819047619047613,13.568253968253961,12.884126984126981,15.955555555555554,11.073015873015875,14.57619047619047,12.969841269841266,12.326984126984128,13.77142857142857,14.073015873015871,13.788888888888888,13.012698412698402,13.501587301587298,12.676190476190467,14.711111111111105,13.100000000000001,13.290476190476186,13.247619047619045,12.638095238095241,13.257142857142858,12.50793650793651,15.644444444444442,12.285714285714281,13.21269841269841,13.063492063492065,12.536507936507933,13.165079365079354,15.400000000000002
13.55079365079365,12.342857142857136,12.52857142857143,13.299999999999999,13.868253968253958,15.207936507936504,11.98571428571429,14.488888888888887,12.50952380952381,12.715873015873019,13.184126984126983,14.323809523809523,14.233333333333336,12.45555555555555,13.025396825396825,12.861904761904759,15.34285714285714,13.32539682539682,12.596825396825398,14.341269841269842,13.506349206349206,13.899999999999999,13.752380952380946,15.377777777777778,12.052380952380952,12.711111111111109,12.801587301587308,12.90952380952381,13.330158730158727,15.095238095238097
13.101587301587298,12.73809523809523,13.082539682539679,13.212698412698407,13.920634920634916,15.266666666666671,11.593650793650793,14.319047619047618,13.58253968253968,12.376190476190475,13.392063492063492,14.547619047619047,14.293650793650793,12.51111111111111,12.873015873015868,12.92539682539682,15.3031746031746,13.039682539682534,12.255555555555551,13.89047619047619,13.38571428571429,14.452380952380954,12.849206349206343,15.639682539682541,12.330158730158727,13.43968253968254,12.712698412698412,12.938095238095238,12.576190476190472,14.647619047619049
13.22539682539682,12.95714285714285,12.849206349206352,13.444444444444441,14.21904761904762,14.365079365079364,11.1984126984127,14.125396825396821,14.177777777777775,11.528571428571427,13.323809523809523,14.193650793650795,14.038095238095242,12.52698412698412,12.874603174603168,13.138095238095236,14.868253968253969,12.949206349206348,11.853968253968253,13.838095238095233,13.349206349206348,13.74920634920635,12.499999999999993,15.796825396825394,12.185714285714285,13.352380952380953,12.42063492063492,12.34920634920635,13.40793650793651,14.569841269841271
12.641269841269839,12.707936507936502,12.71904761904762,12.606349206349202,13.868253968253963,14.857142857142854,11.703174603174602,14.438095238095233,13.365079365079362,11.99365079365079,13.463492063492064,14.157142857142857,13.912698412698415,12.888888888888888,13.49047619047619,13.43650793650793,14.949206349206348,12.869841269841265,11.980952380952381,14.16349206349206,12.52063492063492,13.523809523809526,12.519047619047615,15.169841269841267,11.46984126984127,13.8047619047619,14.215873015873012,11.714285714285714,12.92380952380952,14.136507936507938
12.771428571428565,13.1063492063492,13.293650793650796,12.160317460317453,14.47301587301587,15.70952380952381,11.599999999999996,14.285714285714288,13.463492063492062,11.528571428571428,13.201587301587304,14.60952380952381,14.24285714285714,12.84920634920635,14.209523809523803,11.83015873015872,14.801587301587302,12.784126984126983,13.150793650793648,13.179365079365075,13.85714285714286,13.760317460317461,12.577777777777776,15.852380952380951,12.33492063492063,14.150793650793647,13.384126984126986,12.849206349206343,13.22698412698413,14.452380952380953
12.934920634920632,13.373015873015865,13.015873015873016,13.068253968253964,14.407936507936505,14.826984126984128,11.612698412698409,14.657142857142855,13.85555555555555,13.91111111111111,12.822222222222223,15.096825396825398,14.257142857142856,13.512698412698409,12.91587301587301,13.139682539682534,15.247619047619047,12.54920634920635,12.568253968253968,13.15555555555555,13.077777777777776,13.87936507936508,12.471428571428564,16.07142857142857,11.998412698412691,13.536507936507933,13.688888888888892,11.631746031746026,12.13492063492063,14.839682539682537
12.969841269841272,14.395238095238094,13.174603174603172,13.699999999999998,14.098412698412698,15.599999999999998,12.288888888888888,13.82380952380952,12.446031746031746,12.6063492063492,12.542857142857144,14.066666666666663,13.59206349206349,13.64920634920635,13.473015873015873,12.736507936507929,15.107936507936506,12.749206349206348,12.47460317460317,12.698412698412703,13.503174603174598,14.21746031746032,11.869841269841265,15.730158730158731,11.723809523809518,13.38571428571428,13.147619047619049,12.534920634920633,12.790476190476188,15.634920634920634
13.307936507936502,13.960317460317453,13.090476190476188,11.690476190476184,13.169841269841266,15.2984126984127,11.941269841269841,13.839682539682535,12.171428571428573,11.617460317460313,12.833333333333334,13.758730158730156,13.398412698412699,12.685714285714283,14.119047619047617,14.115873015873014,14.66507936507936,12.636507936507936,11.849206349206346,13.204761904761908,13.487301587301586,13.463492063492064,12.885714285714288,15.247619047619049,11.236507936507932,13.896825396825394,12.76031746031746,12.731746031746026,12.357142857142852,16.158730158730155
13.930158730158729,13.061904761904755,13.439682539682542,13.112698412698412,13.401587301587297,15.068253968253964,11.70793650793651,13.201587301587294,13.196825396825394,12.398412698412692,13.171428571428578,13.24920634920635,13.817460317460318,13.287301587301586,13.558730158730157,12.380952380952376,14.409523809523803,12.809523809523812,12.166666666666663,13.558730158730159,14.073015873015867,13.479365079365078,11.72539682539682,15.882539682539683,11.880952380952381,14.42698412698412,12.82063492063492,10.930158730158725,12.393650793650794,14.758730158730156
13.701587301587294,12.56666666666666,12.817460317460318,12.722222222222221,12.895238095238089,14.596825396825396,12.409523809523812,14.209523809523809,13.61904761904762,12.32539682539682,13.379365079365076,14.252380952380948,14.204761904761908,12.650793650793647,13.263492063492064,12.725396825396823,14.64126984126984,13.28730158730159,12.669841269841262,13.604761904761903,13.573015873015867,13.523809523809522,13.058730158730153,15.184126984126983,11.520634920634915,14.061904761904755,13.015873015873012,11.514285714285709,12.379365079365074,14.611111111111112
13.639682539682529,12.725396825396816,12.053968253968257,12.79523809523809,13.603174603174601,15.107936507936504,12.63333333333333,14.980952380952383,13.334920634920632,12.671428571428569,13.066666666666663,13.939682539682533,14.482539682539683,13.115873015873015,13.766666666666667,13.19523809523809,15.004761904761901,13.015873015873012,11.571428571428566,12.788888888888895,13.547619047619047,13.590476190476192,12.679365079365073,14.484126984126984,11.844444444444441,13.377777777777771,13.152380952380952,11.155555555555553,12.819047619047618,14.193650793650795
13.325396825396819,12.546031746031737,11.950793650793651,13.736507936507937,13.28095238095237,14.388888888888888,11.66825396825397,14.211111111111107,13.2984126984127,13.1968253968254,13.039682539682538,13.104761904761899,13.953968253968247,13.703174603174599,12.976190476190473,13.27936507936508,14.65238095238095,13.504761904761903,12.679365079365077,13.75079365079365,13.153968253968253,13.714285714285712,12.844444444444438,14.409523809523815,11.609523809523802,13.677777777777779,12.665079365079366,12.71269841269841,13.979365079365076,15.37142857142857
12.734920634920634,13.126984126984123,12.4031746031746,13.239682539682537,14.099999999999994,15.350793650793651,11.482539682539683,14.54126984126984,12.606349206349204,13.146031746031746,13.388888888888888,13.39682539682539,13.892063492063494,13.701587301587297,12.696825396825394,13.085714285714282,14.150793650793647,12.842857142857145,12.853968253968251,14.114285714285712,13.346031746031743,13.763492063492059,13.314285714285713,15.03015873015873,11.63174603174603,13.534920634920637,13.804761904761904,12.473015873015873,11.912698412698406,14.333333333333325
12.955555555555556,12.499999999999995,11.685714285714287,11.539682539682538,14.255555555555551,15.704761904761906,12.098412698412698,14.465079365079363,12.466666666666669,12.411111111111108,13.249206349206352,13.190476190476188,13.884126984126985,13.634920634920634,13.561904761904762,13.390476190476189,14.657142857142851,12.925396825396824,12.846031746031743,12.72698412698413,13.433333333333334,13.623809523809522,12.858730158730149,14.893650793650798,12.022222222222217,13.587301587301587,13.514285714285716,11.755555555555553,12.738095238095232,14.626984126984118
13.019047619047623,13.384126984126981,12.165079365079361,11.690476190476188,13.593650793650792,15.839682539682538,11.696825396825394,14.453968253968247,13.220634920634916,12.033333333333333,12.553968253968256,13.61428571428571,14.49206349206349,13.288888888888884,12.836507936507934,13.217460317460311,14.39523809523809,12.322222222222225,12.996825396825393,13.3015873015873,14.306349206349198,13.415873015873014,12.869841269841265,15.02857142857143,11.922222222222217,13.47142857142857,13.57619047619048,12.393650793650787,11.841269841269837,14.792063492063484
12.6063492063492,12.607936507936502,12.98571428571429,11.988888888888885,13.75079365079365,14.931746031746028,11.722222222222218,14.396825396825397,12.571428571428566,11.771428571428569,12.811111111111115,13.534920634920633,13.757142857142854,12.904761904761903,13.61269841269841,12.669841269841267,15.684126984126982,12.900000000000002,12.177777777777775,12.680952380952382,14.46666666666667,13.2,12.657142857142853,14.887301587301588,12.617460317460315,13.45555555555555,13.479365079365078,12.377777777777773,12.619047619047619,14.082539682539679
12.749206349206345,12.790476190476186,12.838095238095239,11.438095238095233,14.046031746031748,15.439682539682543,12.88095238095238,14.082539682539686,12.785714285714285,12.89365079365079,12.782539682539687,13.052380952380956,14.142857142857142,12.817460317460318,13.123809523809525,12.46190476190475,15.417460317460314,12.392063492063492,12.180952380952382,13.08730158730159,13.534920634920635,13.728571428571424,12.26190476190476,15.342857142857143,12.322222222222216,13.285714285714281,12.314285714285713,13.247619047619041,13.157142857142855,14.173015873015867
