25.2755555556
23.2444444444
21.6377777778
20.2844444444
19.2422222222
18.3866666667
17.6533333333
16.9511111111
16.3555555556
15.8466666667
15.4088888889
15.0311111111
14.64
14.32
13.9888888889
13.74
13.5266666667
13.2888888889
13.1177777778
12.9244444444
12.7333333333
12.6022222222
12.4688888889
12.2688888889
12.1977777778
12.0711111111
11.9488888889
11.86
11.7688888889
11.6733333333
11.5844444444
11.4888888889
11.4333333333
11.38
11.2755555556
11.2666666667
11.1866666667
11.1177777778
11.0644444444
11.0066666667
10.9777777778
10.9555555556
10.9066666667
10.8466666667
10.8133333333
10.7777777778
10.7155555556
10.68
10.6377777778
10.6088888889
10.5822222222
10.5266666667
10.5177777778
10.5488888889
10.48
10.4533333333
10.4244444444
10.3888888889
10.3577777778
10.2977777778
10.3088888889
10.2888888889
10.2355555556
10.1488888889
10.16
10.18
10.1466666667
10.0955555556
10.1066666667
10.12
10.0977777778
10.0888888889
10.0844444444
10.0266666667
10.0422222222
9.98
9.91777777778
9.9
9.92222222222
9.87333333333
9.87111111111
9.85111111111
9.87111111111
9.86666666667
9.80222222222
9.76888888889
9.78666666667
9.78666666667
9.75777777778
9.75777777778
9.72222222222
9.73333333333
9.71777777778
9.71333333333
9.68888888889
9.68444444444
9.68444444444
9.63333333333
9.66222222222
9.68
