25.7777777778
24.72
23.9311111111
23.1733333333
22.6044444444
22.0155555556
21.5822222222
21.1333333333
20.7288888889
20.3311111111
20.0288888889
19.74
19.4488888889
19.1511111111
18.9022222222
18.6711111111
18.4488888889
18.2577777778
18.06
17.86
17.6822222222
17.4466666667
17.2666666667
17.08
16.8977777778
16.7222222222
16.5355555556
16.4222222222
16.22
16.0933333333
15.9466666667
15.7955555556
15.6711111111
15.5644444444
15.4466666667
15.3155555556
15.2244444444
15.1244444444
15.0133333333
14.9066666667
14.8244444444
14.7533333333
14.6577777778
14.5555555556
14.4622222222
14.3955555556
14.3088888889
14.2511111111
14.1755555556
14.1022222222
14.0733333333
13.9866666667
13.9022222222
13.8533333333
13.7955555556
13.7577777778
13.6666666667
13.6022222222
13.5511111111
13.4755555556
13.4177777778
13.3711111111
13.32
13.2666666667
13.2222222222
13.1644444444
13.1222222222
13.0822222222
13.0133333333
12.9711111111
12.9244444444
12.8755555556
12.8288888889
12.8022222222
12.7666666667
12.72
12.6844444444
12.6311111111
12.6088888889
12.5577777778
12.4933333333
12.4511111111
12.4133333333
12.3644444444
12.3533333333
12.32
12.2933333333
12.2333333333
12.2022222222
12.1711111111
12.1355555556
12.0888888889
12.0622222222
12.0266666667
12.0044444444
11.9733333333
11.9266666667
11.8977777778
11.8777777778
11.8422222222
