7.85558213384
7.7474986603
7.64709590116
7.54397249038
7.44716406558
7.35087394958
7.25841201288
7.17208331836
7.08295953287
7.00081380128
6.91649927503
6.83720501122
6.75745976443
6.68206645517
6.605873843
6.52977613964
6.45820853096
6.3838377676
6.31544334576
6.24431632256
6.17316001062
6.10840614535
6.04043810692
5.97746806794
5.91457949231
5.85070990532
5.79012686983
5.72965324804
5.66898964995
5.61020613176
5.55418768481
5.49910920492
5.44219346003
5.38520082781
5.33387025161
5.28123229722
5.22726185923
5.17468711757
5.12124728003
5.07031784193
5.01998269474
4.97440275483
4.92513941608
4.87987840792
4.83623308115
4.79355485723
4.748758326
4.70733992191
4.66499611742
4.62338325926
4.58037008111
4.54223104831
4.50538965589
4.46637368539
4.42699302822
4.39260259042
4.35804140309
4.32457390137
4.28814891886
4.25716559968
4.22622993053
4.1921384059
4.15492034682
4.12060415615
4.08606403475
4.05572914914
4.02705612578
3.9918617521
3.96298619537
3.93411804987
3.90349945721
3.87623092791
3.8456480947
3.81633703152
3.78894343634
3.76090452037
3.74128092132
3.71824855851
3.69060231708
3.66549594786
3.63905611066
3.61685092139
3.59210253913
3.56945816266
3.54746145809
3.52518121486
3.50111228291
3.47796197281
3.45404770596
3.43403400901
3.41338358863
3.38980273239
3.37028977123
3.34996429414
3.32940403553
3.30792595391
3.28772527723
3.27138099394
3.2535522778
3.23747256101
