29.2333333333
29.2333333333
29.1333333333
29.3
29.2333333333
29.0666666667
28.9
28.8666666667
28.9333333333
28.8333333333
28.6666666667
28.9333333333
28.5666666667
28.4666666667
28.6333333333
28.6666666667
28.7
28.7
28.6333333333
28.6
28.4666666667
28.2666666667
28.3333333333
28.5666666667
28.4333333333
28.5666666667
28.4333333333
28.5333333333
28.4666666667
28.3333333333
28.4666666667
28.1333333333
28.1
27.8666666667
28.0666666667
28.1666666667
28.1
28.2666666667
27.9
28.0
27.8666666667
28.0666666667
27.9
28.0333333333
28.0
27.9
27.6666666667
27.9
27.8
27.8333333333
27.7666666667
27.5666666667
27.5
27.4666666667
27.4666666667
27.5333333333
27.5333333333
27.3666666667
27.6
27.4
27.3
27.4666666667
27.3666666667
27.5
27.4
27.5
27.5
27.4
27.3
27.4
27.2666666667
27.6
27.4333333333
27.4666666667
27.4333333333
27.3333333333
27.5333333333
27.4666666667
27.3333333333
27.2333333333
27.4666666667
27.5666666667
27.3666666667
27.3
27.2666666667
27.5
27.5
27.8
27.4666666667
27.3333333333
27.4666666667
27.5666666667
27.5
27.4
27.5
27.5
27.5333333333
27.7333333333
27.4333333333
27.3666666667
