26.5777777778
25.6777777778
24.6244444444
23.7888888889
22.9022222222
22.2133333333
21.6222222222
21.1444444444
20.7288888889
20.4133333333
20.0955555556
19.9155555556
19.6844444444
19.5777777778
19.3911111111
19.3222222222
19.1755555556
19.0444444444
18.94
18.8955555556
18.8866666667
18.7755555556
18.6777777778
18.6622222222
18.6711111111
18.5377777778
18.5777777778
18.4311111111
18.4511111111
18.3866666667
18.3577777778
18.2444444444
18.2311111111
18.2377777778
18.2355555556
18.2311111111
18.1466666667
18.2
18.08
18.0755555556
18.0644444444
18.0022222222
17.9511111111
18.0155555556
17.8688888889
17.8955555556
17.8755555556
17.8755555556
17.8844444444
17.8933333333
17.8622222222
17.8466666667
17.8288888889
17.8133333333
17.8355555556
17.7777777778
17.76
17.7777777778
17.8133333333
17.7133333333
17.7311111111
17.74
17.6888888889
17.6822222222
17.7022222222
17.7355555556
17.6955555556
17.7333333333
17.6688888889
17.7155555556
17.6511111111
17.6288888889
17.6533333333
17.6777777778
17.5844444444
17.6688888889
17.5911111111
17.5577777778
17.6044444444
17.5822222222
17.6044444444
17.5777777778
17.5222222222
17.5622222222
17.4911111111
17.5266666667
17.5111111111
17.5244444444
17.5422222222
17.4822222222
17.5155555556
17.4844444444
17.5088888889
17.4911111111
17.4533333333
17.5022222222
17.4533333333
17.4822222222
17.4733333333
17.4133333333
