19.9796850572
19.4763367538
18.7336413459
17.8166615755
16.9051933018
16.1114268254
15.5115095991
15.0913479178
14.7754118709
14.5545642814
14.394537241
14.2789737698
14.1887787891
14.1182473017
14.0628203102
14.0182091749
13.9800417667
13.9488653519
13.9229600082
13.9008572324
13.8802951594
13.8591005158
13.8409448049
13.8247197987
13.8106865038
13.7947620405
13.7818932079
13.7721301094
13.7632302533
13.7551457747
13.7482799821
13.7414868525
13.7358852156
13.7310419808
13.7265543731
13.7220172481
13.7171856087
13.711726768
13.706844962
13.7012974674
13.6965529589
13.6912336772
13.6854582492
13.6819579765
13.6775852359
13.6741877018
13.6704116021
13.6658071164
13.661460371
13.6575608988
13.654788453
13.6521655099
13.6496494738
13.6472868347
13.6451660521
13.6432707048
13.6410634517
13.6388340819
13.6368867191
13.6349191037
13.6333288879
13.6315502784
13.6295803753
13.6274843038
13.6258682984
13.6241730301
13.6231638599
13.6219159895
13.6204166122
13.6193921543
13.6181294872
13.6168108912
13.6155716577
13.6146462521
13.6131623274
13.6123862261
13.6114841828
13.6105662703
13.609835215
13.6092368647
13.6084291091
13.6077714043
13.6069110387
13.6062140693
13.6055990888
13.6049969219
13.6040102919
13.6030238156
13.6020015035
13.6011510417
13.6005702948
13.5993780106
13.5988189575
13.5969497386
13.5953755342
13.5946892056
13.5941593386
13.5936944153
13.5931761754
13.5928510433
