6.37049145721
5.89449414654
5.03972992823
3.9101168203
2.76280644848
1.82341048395
1.15973968895
0.722331143597
0.453377285176
0.274248100013
0.167698349567
0.107469882487
0.0719392473618
0.0503373082687
0.037902605936
0.0293956264602
0.0245548281186
0.0207426119875
0.017563461486
0.0152951039357
0.0138698177066
0.0124023317892
0.011178574911
0.0100775348715
0.00943134593576
0.0085901781756
0.00787906220023
0.00704388723583
0.00652183295219
0.00609213564954
0.0058093313943
0.00560442778052
0.00539302691327
0.00514436345988
0.00495496279121
0.00477971224664
0.00465352351513
0.00449749057564
0.00436007079418
0.00409357081683
0.00392770166628
0.00384410492913
0.00375353620156
0.00359118620782
0.00329881501931
0.00297786347468
0.00280617163181
0.00232216475649
0.00103773714397
0.00025180973329
-0.000983585046295
-0.00164167358445
-0.00215904026706
-0.00236910733769
-0.0025151287843
-0.00270494574228
-0.00273422337405
-0.00279930279871
-0.00292126987031
-0.00301203786195
-0.00322428267389
-0.0038811803097
-0.00422637273567
-0.00452505091385
-0.00465356912756
-0.00480654565139
-0.00491881281723
-0.00510883664845
-0.00516842929016
-0.00525439866681
-0.00541228986068
-0.00564185511028
-0.00573031196654
-0.0058920231943
-0.0059426656138
-0.00595175664086
-0.00595725867097
-0.00595990216536
-0.00596577231281
-0.00602741721957
-0.00604774477148
-0.00607456667701
-0.00612357767733
-0.00618488929344
-0.0062194764717
-0.00621993300577
-0.00622392683444
-0.00629203311058
-0.00637495360687
-0.00644617805075
-0.00646788714708
-0.00654823099325
-0.00656049271821
-0.00656589044741
-0.00657846565922
-0.00658503502769
-0.00658522219357
-0.00659438895893
-0.00659485565559
-0.00659634048843
