29.2
27.9666666667
25.9
22.9333333333
19.8666666667
17.1333333333
14.6666666667
12.6333333333
11.3333333333
10.3
9.9
9.66666666667
9.6
9.53333333333
9.43333333333
9.33333333333
9.3
9.3
9.33333333333
9.3
9.3
9.33333333333
9.3
9.3
9.3
9.3
9.26666666667
9.26666666667
9.26666666667
9.26666666667
9.3
9.26666666667
9.26666666667
9.26666666667
9.26666666667
9.26666666667
9.26666666667
9.26666666667
9.26666666667
9.26666666667
9.26666666667
9.26666666667
9.26666666667
9.26666666667
9.26666666667
9.26666666667
9.26666666667
9.26666666667
9.3
9.26666666667
9.26666666667
9.26666666667
9.26666666667
9.26666666667
9.26666666667
9.3
9.26666666667
9.26666666667
9.26666666667
9.26666666667
9.26666666667
9.26666666667
9.26666666667
9.26666666667
9.26666666667
9.26666666667
9.26666666667
9.26666666667
9.26666666667
9.26666666667
9.26666666667
9.23333333333
9.26666666667
9.26666666667
9.26666666667
9.26666666667
9.3
9.26666666667
9.23333333333
9.26666666667
9.3
9.3
9.26666666667
9.23333333333
9.3
9.26666666667
9.26666666667
9.23333333333
9.23333333333
9.26666666667
9.26666666667
9.26666666667
9.3
9.23333333333
9.26666666667
9.26666666667
9.26666666667
9.26666666667
9.26666666667
9.26666666667
