10.2558592849,9.3990820175,8.47714712185,9.40369450705,8.41930840032,8.26781813536,9.05963358407,10.3590752678,9.81837612361,10.3522356962,9.19513387174,10.6578454211,10.3670904567,11.3932839533,9.03927559673,10.7007060792,10.0977109857,9.85519923939,8.06097390575,9.96947108472,11.4299347687,9.34830144722,8.99898592258,9.30065845722,9.54020054381,10.2300177862,9.28539482919,9.04263830141,9.65020443228,10.1314998641
8.56942082097,7.08706186469,6.06254723814,6.83048129815,5.87000007807,6.1473344022,7.45783614417,8.15182493706,6.72862575491,6.93775261686,6.35846569408,7.16363475303,7.27130387068,8.82905931325,7.17442050757,8.19105442201,7.92031248631,7.21032202318,5.80340913948,7.64577788916,9.09956707807,6.76054751014,5.72604266647,7.01945963428,6.8873855952,8.16608441394,6.86007696069,6.62940620754,5.88073886597,8.71962819025
6.86956451893,5.90277888614,4.90538477914,5.50253958679,4.97826798458,4.62837501446,5.97979095922,6.87065956824,5.24205836652,5.64868961832,5.08658855156,5.4159990399,5.50190971237,5.94566199282,5.42796516036,5.9171055803,6.18211889069,6.010673187,4.6658343691,5.53482482805,7.79500486128,4.77745875311,4.19839264674,5.15410109282,5.16735382923,6.28442552705,5.19320560856,4.0310114603,4.82976248753,6.64186619987
5.31859551661,4.40234714132,4.30508243786,4.65539221854,3.84186835949,3.77406654098,4.99961944672,5.75478361424,3.85331372617,4.65088734669,3.94523653869,4.28322623676,4.9058852486,4.51671434027,4.49806786844,3.80568257992,4.85604537,4.66093416824,3.34881633357,4.1969292233,6.21783754274,4.54519471328,3.24421896139,4.50945829209,4.53808266424,5.03085218594,3.95719251352,3.1554529268,4.20306853421,5.05559413316
4.45065575532,2.94201000336,3.32440583297,3.8916522301,3.32319262188,2.96118898835,3.81853261539,4.94988069296,3.40768036608,4.32516457072,3.44238669017,3.60838177441,3.56905907943,3.62245521996,3.77663995716,2.94849005922,3.55202733145,3.61394023839,2.87209278867,3.20172729793,5.37812127412,4.12795757847,2.73546764914,3.52875773876,3.69182290308,4.54548567531,3.39576569132,2.67467809731,3.66112704287,4.61681992476
3.60041081527,1.95205799231,3.16294322748,3.20693790411,2.68717720155,2.64976309697,3.01264921711,4.50605289592,2.55224875375,3.29563321482,2.80057210837,4.02514919085,3.28871451631,3.31796045166,3.0796410663,2.86489034269,2.74335620672,2.30854723397,1.68313622812,2.49339555017,3.74891729154,3.42838080078,2.44038555641,3.04140459082,3.13347906693,3.71921964871,2.71870632342,2.24732732669,3.42879890329,3.46682589309
2.77786930844,1.32641296119,2.47614787416,3.13859018875,2.15646777044,2.10824534039,2.43267277845,3.80394346998,1.79823905343,2.44812028736,2.68683759377,3.05954199396,2.86486364589,3.14486028217,2.73865299145,2.02782899185,2.25677745797,1.86416622276,1.42675556668,1.82689756984,2.4270190857,2.97762446293,2.23890040102,2.20638630377,2.64785419334,3.37225131166,2.34655517394,1.56321403956,2.77942435275,2.77417984221
2.23420126582,0.952384707304,2.13272161339,1.9472469024,2.01220090228,1.66160608586,1.66865052937,3.56397081532,1.72273719241,2.60156174135,2.42355115035,3.08833061782,2.4893704542,2.78806907322,2.36724412041,2.10080243922,1.39635634608,1.66992351007,1.10464027078,1.43968566458,1.81709701111,2.47387082957,1.97655279647,1.8357183055,2.26562704136,3.15756509011,1.52478976577,1.10410779178,2.04979903988,2.75820642262
1.84279672887,0.654319630211,1.8122575919,1.21297771858,1.39802600075,1.41424816305,1.54503856781,2.86251636141,1.60348887746,1.86998246427,2.22324243371,2.21427089823,2.00545909056,2.09279438302,1.87712565089,1.65286098696,0.982378830693,1.64812677661,0.790462812769,1.27499832593,1.43921461133,2.03377645623,1.78189583004,1.29817673108,1.66890805206,2.32838217578,1.49701212136,1.00447999576,1.62062907352,2.31138274814
1.24380278022,0.450612984666,1.34316080508,1.16090889025,1.13372361877,1.23321225253,1.17786189288,2.35767562824,1.58861716159,1.22263089961,1.87626745695,2.21464225954,2.04893600236,1.95001521661,1.85935920305,1.11356029739,0.890929123964,1.53591746215,0.897452801005,1.02762610061,0.794896203924,1.43803766844,1.53105696977,1.12221537366,1.21351378768,1.66850705559,1.29489011968,0.866962005602,1.18525854552,2.43310685357
0.759184815284,0.406106357232,0.69299516793,0.860949861732,0.905724726161,0.936478125051,1.1492732478,2.09901551884,1.43960265824,1.05278238204,1.57563820578,1.68479569063,1.58416786327,1.49868003449,1.05031606428,0.660766435425,0.969865396174,1.28417213176,0.621002739497,0.99215730929,0.720544920272,1.28354413659,0.867127378402,1.13904338068,0.912703911275,1.29783312472,1.09579701435,0.71094422372,0.978522042194,2.34493214692
0.494789371259,0.388638263812,0.613342005958,1.03826652888,0.956055068859,0.698439941909,1.25813215489,1.7594955663,0.832722659316,0.786162439969,1.34660885824,1.31062283057,1.30194279087,0.848443838611,0.703987294715,0.579086584756,0.54708876482,1.11100844263,0.476253917651,0.67688209004,0.50422446856,0.949873345623,0.822129110818,0.943630239245,1.06854449447,0.973835736979,1.11564576132,0.448282738144,0.816416092729,1.82374058478
0.360688080997,0.0389126104403,0.486887070923,0.998326938655,0.803294619194,0.336523101316,1.20722915397,1.30760594647,0.66131323711,0.708936382212,1.15185757977,1.19872050244,1.12852490972,0.788764143832,0.663955687592,0.582303510033,0.467632096807,0.913898470643,0.474354165062,0.726182668513,0.237078213665,0.81279402427,0.764378991357,0.455469598509,0.815680920907,1.05628885543,1.07311853429,0.425618424005,0.84500547924,1.34713240857
0.295254897818,0.0360779599048,0.28864029491,0.918398727051,0.732906536569,0.271619274884,1.10966045453,1.19823872674,0.511239878052,0.707111431607,1.16364766994,1.15308588445,0.997017488887,0.752087852169,0.385450973308,0.471574780996,0.454176095365,0.687977838657,0.655839282381,0.727665979731,0.196446185592,0.746088560041,0.833205810559,0.560773484238,0.844903527371,0.695079692131,0.938000197759,0.564945072969,0.668279399512,0.88106056914
0.422399544872,0.020779728362,0.218129525808,0.50649429638,0.522214502568,0.231389106865,0.840223888969,1.0671465284,0.436872986639,0.726417829736,0.836008605656,1.07860456639,0.662167460908,0.477263397559,0.182369008635,0.477473732995,0.512671853281,0.855646440059,0.103538235333,0.49800792891,0.11625662833,0.728064972591,0.392554329293,0.617630917542,0.586162775709,0.641759356631,0.623850527075,0.197562146962,0.793357643696,0.731811454372
0.269089392944,-0.105142609194,0.111003116041,0.559356676418,0.548548058952,0.13053076349,0.323770301453,1.06331273371,0.547856693884,0.587225509955,0.764605030039,0.900012728966,0.747355845593,0.353963792097,0.00786914246116,0.235053727,0.263137035039,0.702236805174,0.0896559698245,0.507990974456,-0.10790314756,0.485342660313,0.265936307845,0.431205028363,0.601292689574,0.521897270568,0.502358478254,0.315924038207,0.390034223328,0.881687727398
0.322024431482,0.0109788441716,-0.0434209258201,0.275698796465,0.567395537822,0.18201929896,0.300558675275,0.806683258936,0.480328726236,0.495939457134,0.592956516059,0.773717037874,0.395302457389,0.289033121156,0.0655866670101,0.328618053717,0.160664585611,0.704332715071,-0.013127206898,0.278708918431,-0.149219613485,0.227316954963,0.353045231157,0.399492100027,0.455262905509,0.553986516575,0.231099962827,0.0754539293192,0.384705552604,0.819930049794
0.240307993484,0.0569161283646,0.120318933434,0.415089785744,0.49824736345,0.121159360632,0.370379864531,0.919288699577,0.290849986611,0.557376262674,0.519238298254,0.879745334411,0.331263385956,0.216539030154,0.0706978081379,0.205145019799,0.13482820633,0.36780940677,0.135626341128,0.169663935967,-0.0323172232508,0.059010606805,0.0482422056937,0.448017080944,0.435173760753,0.236140896123,0.275451107969,0.0311112966085,0.160965046596,0.698505122132
0.186841687217,0.0543088274659,0.00556638429859,0.298678630858,0.498982736525,0.348502600314,0.349187725926,0.919443993984,0.256022218993,0.461515396046,0.557486446936,0.590903924435,0.362328114461,0.0108921374097,0.029421145731,0.00974412273566,0.222728534327,0.131226274689,0.262566756966,0.203677583866,0.0331442400652,0.166350178955,0.230657227359,0.416665880331,0.316822944615,0.235863583446,0.160538654358,0.0476743345511,0.279153300484,0.370800068869
0.151823361695,-0.088056201821,-0.154174676773,0.199146322314,0.572997603881,0.0959984144985,0.227754237472,0.731791609568,0.206994006817,0.324955484317,0.45570876429,0.461066038579,0.241918259494,0.0642231458088,-0.00348561650638,0.109688565132,0.0524144740799,0.173568123098,0.0298021556027,0.0779207755557,-0.138043478036,0.109551243644,0.0790376913151,0.354143223621,0.199734641417,0.241602618388,0.0794920701773,-0.0351503813187,0.358796526707,0.231507262379
0.0407271998641,-0.0994562090698,-0.241531877199,0.184554383155,0.466600772644,0.318446527263,0.172828588651,0.447287062503,-0.019226975746,0.206072340713,0.420513345887,0.543862535599,0.256225200458,-0.0139545860948,-0.0284073680285,0.0177819627974,0.135827730774,0.311615618488,0.146954146542,-0.00922321291816,-0.269230335499,-0.0758386776859,0.0691253725761,0.582056379997,0.130956029685,0.0390472318738,0.0781281595455,0.011341794877,0.174284230867,0.132788472878
-0.00442555485325,0.0462769385286,-0.123000079933,0.167895731842,0.270260902007,0.0916352208672,0.176433564819,0.566503350337,-0.16782284795,0.331206575501,0.412806928748,0.288074024176,-0.0409918968694,0.0115958455204,-0.152963282943,0.0256551890206,0.0143081796197,0.305176071811,0.0274759530074,-0.110054428266,0.00347707530491,-0.0998586716449,-0.0478769641245,0.296971270599,-0.0161440226063,-0.118925491694,-0.0932314938016,-0.142686424423,0.237665105782,0.0644187153702
-0.129330465566,0.0384004132748,-0.142474123265,0.069840074308,0.254486998216,0.169947088669,0.0132906116738,0.545072532112,-0.200984726521,0.272793638609,0.419558364951,0.443559532524,0.238172910184,-0.0608382631188,-0.265095493103,0.160715248386,-0.0249454806962,0.146411030526,-0.146269382396,-0.1213411691,-0.202384354685,0.00144196531372,0.0756161301973,0.227767450538,0.0299233384248,-0.0338407973883,0.0566729471994,-0.146150942698,0.0997958400674,0.154898322994
-0.133239434774,-0.203644230203,-0.0480621246174,0.101055714206,0.0531116094594,0.130526055005,-0.0625986887066,0.359481727709,-0.0484275718429,0.263506594547,-0.0724602081143,0.224066620062,0.0345766186957,0.115496371856,-0.261551703862,0.0444247570233,-0.118484954881,0.0111049749857,0.032127965253,-0.156643860345,-0.108535197638,0.091410147793,0.056294723012,0.248810476444,-0.159403675682,0.0793673697996,0.221501379585,-0.310185104771,0.165732910458,-0.0458029421803
-0.216131549569,-0.115024787109,0.0505284973114,-0.0937297213252,0.105976419415,0.0670092977838,0.0463446075309,0.236549406714,0.0817778738396,0.0234077995323,-0.113323718835,0.0662110643897,0.0548812072212,0.23915859317,-0.0925527698622,-0.148253602223,-0.0264278035084,-0.0359712704323,0.103843001849,-0.100262662602,-0.15198358626,0.0272208591815,-0.0162883031268,0.270002797331,-0.179049015643,0.0371504941019,0.210886583799,-0.127912856648,-0.019061292369,-0.0231285365075
-0.224035829635,-0.427949929108,-0.0551449892396,-0.00546089216055,0.22456434354,0.0504237207956,0.0551806113085,0.443028226378,-0.0673169908291,0.079792968772,0.119524844522,-0.0802088329126,-0.0169492609574,0.0482729576739,-0.364938996829,-0.213463346886,-0.0486552988693,-0.154010754598,-0.0600952412257,-0.167697179569,-0.0679482276201,0.0144796552892,0.0295277405343,0.147497793337,-0.107549028608,-0.144073405187,-0.102633552405,-0.188695598748,0.00350214874702,-0.054204651313
-0.322007557961,-0.298907676166,-0.104205964517,-0.0954953864692,0.118849273392,-0.0417069752583,-0.102204200357,0.388965832359,-0.128889490099,0.0709251134099,-0.111527744768,0.0507511423234,-0.107961154061,0.100653336719,-0.191270953451,-0.24083945476,-0.00327405472376,-0.0665576223385,-0.144429651399,-0.278403499095,-0.144578414096,-0.00372284514135,-0.00214954661824,0.0472518860321,-0.0297735690915,-0.106703640746,-0.0115939133915,-0.308930431427,0.0722256116811,0.103372160644
-0.256031315237,-0.322104509102,-0.0652159559977,0.110262802598,0.0489990497745,0.10518710339,0.0532926724494,0.097288562013,-0.238723971774,0.348530350654,-0.178356622097,0.154591586904,0.0976596222823,-0.0136779207514,-0.102977827641,-0.0977118496165,0.0486041703659,-0.256067418433,-0.0708207110076,-0.157077108814,-0.158486441007,0.180703659865,-0.0355376730444,0.0677437060021,-0.281041881245,0.0839717841222,-0.0581943926692,-0.361234572009,-0.042704185565,0.107050560131
-0.330400945883,-0.264959843606,-0.0573141883591,0.0518138931642,0.0868234998536,0.120812058581,-0.0684283970135,-0.0854987247361,-0.0935427225341,0.21209114126,-0.124317867771,0.0436191223151,-0.0942689303253,-0.0936797971705,-0.173668049876,-0.172375274957,0.0245037851712,-0.114145360458,-0.204379018536,-0.248162082987,-0.0342578545066,0.0332684536666,-0.109118255757,0.0449078976265,-0.296719416413,-0.0523734440805,0.0520395941331,-0.375369508408,-0.165513854375,0.0954522734606
-0.288447328601,-0.352865175089,-0.0676576606973,-0.117619523767,0.0492868028337,0.0821154222811,-0.127138056667,0.0189536918919,-0.239497077212,0.0423274840873,-0.192953278916,0.103093283703,-0.1051697818,0.0308133594237,-0.15730857556,-0.0729669301242,-0.0234924480709,-0.240436926237,-0.293358369665,-0.232829271499,-0.0867049796545,0.0706689480771,-0.152506196955,-0.193001176811,-0.290652942557,-0.0902323129869,-0.198788720551,-0.31166732003,-0.216235561817,-0.0975916017232
-0.297693737159,-0.309990589667,-0.00618916374759,-0.00255042766336,0.22489353976,0.0301833667683,-0.0498039960377,-0.0809528189011,-0.278316223159,-0.151851146525,-0.105583399064,-0.0100987900254,-0.183215491709,-0.140911093525,-0.28361408499,-0.0661529477315,-0.132902178702,-0.22095497888,-0.231137968655,-0.192440532467,-0.156150448804,0.147478450667,-0.0845708424797,-0.238760394862,-0.278983739052,-0.17779935389,-0.214550198612,-0.208780469703,-0.131512322367,-0.124001911867
-0.279217695007,-0.364373684815,-0.0726715571412,0.0305971941334,0.0351865799086,-0.120299988093,-0.103414573612,-0.08800784509,-0.163261636327,-0.295912088302,-0.367894875049,-0.0190397301447,-0.0692789772023,-0.0902791427122,-0.285860076206,-0.215945326659,-0.0984029152941,-0.203413864014,-0.277781195728,-0.172336664116,-0.274170401723,0.0781830247767,-0.157818148501,-0.232988753491,-0.392083685656,-0.0275006992965,-0.119970890343,-0.089972503806,-0.130835859216,-0.120711627139
-0.217469091787,-0.412835790337,-0.120547861952,-0.0984999080909,-0.149328051649,0.0901737810406,-0.0110841946101,-0.0974406700051,-0.147701395092,-0.301097586608,-0.305551222952,-0.0639257126961,-0.0540589796228,-0.0416075557024,-0.339894602501,-0.164870695466,-0.0558624101953,-0.20884763181,-0.286165938289,-0.241517452535,-0.274837933148,-0.0559869194671,-0.0774328122329,-0.278065311766,-0.267069753362,-0.236037386562,-0.242991976705,-0.262041330089,-0.334685643702,-0.153011849694
-0.324927571449,-0.343151879565,0.0974647677309,-0.0703873572736,0.0895711549938,0.0775186949207,-0.0993066589074,-0.222077696066,0.0139032463563,-0.111067806057,-0.25358286203,0.122677608057,-0.16104345787,-0.0501196546079,-0.251083592812,-0.208603689712,-0.207747555276,-0.265315220482,-0.145546520354,-0.356539241946,-0.250550563771,-0.29139978469,-0.0910591774447,-0.382160894471,-0.304237665128,-0.322408568129,-0.239298518827,-0.122137838955,-0.291355979544,-0.334624742168
-0.356478017107,-0.113677073914,-0.0107311517581,-0.163234982952,-0.0904578904487,-0.103898827129,-0.0447961936102,-0.114978613724,-0.153589093796,-0.218021234634,-0.284678699433,0.00303590421581,-0.060977329895,0.000602034410758,-0.300332287197,-0.314501143169,-0.149013599398,-0.310482332841,-0.17986538556,-0.318076864487,-0.371553262496,-0.28521149399,-0.169587011004,-0.283475316276,-0.229519570341,-0.196433087183,-0.256868910331,-0.31764480062,-0.25923548878,-0.281807158326
-0.294117175054,-0.355391919339,-0.254442458354,-0.23706072046,-0.201897320526,0.0528908826206,-0.0712498507399,-0.192193221825,-0.338778578507,-0.215807995544,-0.420979562624,-0.0468301217185,-0.00516445273731,-0.132099654693,-0.188411680264,-0.217137088828,-0.24118271814,-0.383916371285,-0.119290337547,-0.330386379519,-0.387578475279,-0.132544813409,-0.240671668907,-0.202941736623,-0.286692555028,-0.172421862908,-0.224657185377,-0.300248627085,-0.23612514574,-0.230180562169
-0.323902988708,-0.372845633718,-0.273671209632,-0.260808542713,-0.251774508349,0.018769559817,-0.0344561652602,-0.294169959109,-0.316971033391,-0.255543569055,-0.305958640013,-0.0606842729861,-0.0578742173462,-0.00365542047252,-0.149933892934,-0.169629345067,-0.266186884711,-0.320497921763,-0.193799300751,-0.422680251169,-0.404222657726,-0.159724408304,-0.323201017851,0.100186034396,-0.29999331435,-0.225120675666,-0.27265871879,-0.165499863632,-0.141412271534,-0.0885782856511
-0.239141332383,-0.267028611326,-0.184522152244,-0.0620301998815,-0.242568459885,0.0546997291002,-0.133473612477,-0.301658426118,-0.355491021793,-0.227664538632,-0.477775135006,-0.115869046822,-0.155106175631,-0.259573828574,-0.232079106392,-0.422582069961,-0.0595868796171,-0.314044041049,-0.285585686681,-0.419679823272,-0.408914472556,-0.0900081637674,-0.289178821105,-0.0403934068931,-0.290694094747,-0.184116168437,-0.25862696316,-0.138561467601,-0.246002736643,-0.21724126565
-0.248371494842,-0.324400879086,-0.264497723911,-0.227720386402,-0.375536841329,-0.0042356806775,-0.299617692078,-0.190983494881,-0.12359655964,-0.34055748113,-0.362351524929,-0.0552701188902,-0.0502120264285,-0.274058080033,-0.162665574427,-0.371015342623,-0.254294650518,-0.175583092125,-0.207853426432,-0.263488718202,-0.358511644862,-0.253404140312,-0.295480310244,0.0299942915809,-0.327802369843,-0.208067512483,-0.298292461183,-0.3890681291,-0.331508394081,-0.326644288128
-0.265063796703,-0.33354928613,-0.307265004288,-0.33549330157,-0.0208951500274,0.191754909206,-0.315150657408,-0.260715012665,-0.205062277277,-0.273363330108,-0.277697634742,-0.0337822845002,-0.189636932985,-0.262328364533,-0.20249260404,-0.318793048185,-0.184496418163,-0.222464671874,-0.293924301622,-0.155868749112,-0.251449039023,-0.0756914008272,-0.254402883874,0.129012868429,-0.264451409757,-0.1638421441,-0.113658895685,-0.238224023599,-0.153389002262,-0.258687487885
-0.392427278906,-0.387646485034,-0.215158880121,-0.319562367313,-0.123902893128,0.177037840469,-0.257100084692,-0.278684317725,-0.151873904766,-0.272767936169,-0.198475009116,-0.158925341882,-0.200036224031,-0.254145498103,-0.151607595268,-0.302127078472,-0.218324225299,-0.238471602896,-0.291962736284,-0.19929950064,-0.271082512266,-0.297020057244,-0.176354228512,-0.068305570708,-0.42793883196,-0.234558406133,-0.177243961049,-0.37055907779,-0.227797720697,-0.189160352938
-0.343955122496,-0.439245267498,-0.11437569225,-0.193409026658,-0.201220660711,0.0297778727265,-0.224768578887,-0.259448925391,-0.206830175089,-0.299671649666,-0.211609422185,-0.0532880128411,-0.311865781765,-0.353665375693,-0.0277274576199,-0.323557579376,0.0519262765817,-0.076926890702,-0.357484081177,-0.154695748074,-0.242162554734,-0.176503476752,-0.368192796789,0.118638304142,-0.45320120214,-0.265690656128,-0.275561634063,-0.358224702218,-0.362257109245,-0.14350420417
-0.421220864781,-0.324015557397,-0.0737923939459,-0.214425799192,-0.0666424419421,0.00521370921785,-0.182999266657,-0.219281254657,-0.2149344092,-0.122347761913,-0.28367257117,-0.109004291728,-0.327210607867,-0.29981886857,-0.230809890128,-0.283527209405,-0.029381552867,-0.219688963208,-0.297530051657,-0.295048084981,-0.255812968828,-0.266656229705,-0.290344150632,-0.0306551638436,-0.361756733262,-0.0844199174503,-0.31527887385,-0.336126398217,-0.416724803193,-0.332159680848
-0.302203914533,-0.386599728685,-0.215201325371,-0.197392750914,-0.0410982237665,0.048995051794,-0.155496799419,-0.179944575798,-0.245782203412,-0.284692324217,-0.21897858778,-0.0373646064469,-0.164177552571,-0.32799279079,-0.177761610059,-0.100589410689,-0.07028155759,-0.49814257979,-0.257506253269,-0.158496243821,-0.312437314404,-0.296586923391,-0.404193016597,-0.114341093154,-0.374525416069,-0.287927296773,-0.379714583088,-0.428548345115,-0.307222326953,-0.471653257694
-0.333301270927,-0.403938102866,-0.230668071759,-0.30510839218,-0.262609187838,-0.0164549724732,-0.290655653364,-0.243392855901,-0.267020546885,-0.35296625105,-0.400081958283,-0.250023617297,-0.223092553486,-0.228494462227,-0.274231165958,-0.189517673954,-0.0947141096094,-0.385496735877,-0.265424152335,-0.328758365494,-0.253108999739,-0.345007571385,-0.446923393018,-0.177776924343,-0.454609278824,-0.285075372348,-0.304578945921,-0.467199450438,-0.233250758931,-0.349274966941
-0.389640144431,-0.496233578578,-0.164055913623,-0.222773820319,-0.352192575755,-0.176376431996,-0.327251285881,-0.393463454636,-0.000875195308414,-0.320349196329,-0.321493684438,-0.188678624157,-0.0719430634746,-0.1331461498,-0.301168508445,-0.192061663143,0.0152034177288,-0.329682818655,-0.239083479595,-0.341160431371,-0.279470009872,-0.292972977587,-0.428908962443,-0.00573402624304,-0.496589948065,-0.192287758168,-0.384596492895,-0.144270485279,-0.307850558245,-0.434927682324
-0.370287881671,-0.382712384088,-0.330511495243,-0.282247279429,-0.0891217165315,-0.232381452746,-0.256079488654,-0.405569865384,-0.174393838214,-0.174408549718,-0.496921850325,-0.116280163759,-0.111027958178,-0.132117004109,-0.320871394406,-0.266453277097,-0.154183975416,-0.352969919179,-0.353005877251,-0.364018061333,-0.00277799859744,-0.0413943399627,-0.23695017684,-0.123341500369,-0.341132588053,-0.246148224303,-0.311780001776,-0.194903402071,-0.296153032352,-0.365188188955
-0.391030425247,-0.322867631825,-0.293339350699,-0.254684701973,-0.250330696723,-0.113394318379,-0.22674097301,-0.376940438207,-0.130944240121,-0.223079912785,-0.457520353822,-0.130891020762,-0.122638840563,-0.0572381298821,-0.327571257824,-0.212088066326,-0.126829175314,-0.340255963341,-0.370781016641,-0.386583108316,-0.0284846526769,-0.202065451742,-0.260887410824,-0.200116317151,-0.375355445288,-0.217288017598,-0.30091796228,-0.435748905131,-0.508488210699,-0.245936852287
-0.219554534,-0.185165574239,-0.173185276259,-0.264667202134,-0.334200227133,-0.118116728695,-0.146606970754,-0.441350447619,-0.104567732632,-0.330841059978,-0.329681545134,-0.117983909568,-0.290395297193,-0.242132833826,-0.205793294145,-0.323562380297,-0.333043020812,-0.359238523562,-0.475537128652,-0.272594773604,-0.251098884325,-0.290291150754,-0.207566988739,-0.2071371777,-0.347395296486,-0.219924541813,-0.228838044263,-0.403666721655,-0.345579628404,-0.219314678843
-0.117041261705,-0.265797659826,-0.196849416046,-0.241206850465,-0.307237555518,-0.0532537018977,-0.123914912114,-0.330683418788,-0.260846489744,-0.251773535335,-0.25583346335,-0.221222041963,-0.0752251011947,-0.233001367374,-0.281961557734,-0.261022951559,-0.209523562144,-0.306420369098,-0.215498611129,-0.377994041607,-0.412751404235,-0.350021540227,-0.244494713609,-0.228221195667,-0.440917580544,-0.212646748633,-0.278825237772,-0.448182878999,-0.4003767888,-0.315767516654
-0.283335962098,-0.338866145947,-0.316913610801,-0.160264153002,-0.272720981109,-0.114155365787,-0.0554419758487,-0.428895198829,-0.224438232033,-0.27903995534,-0.0366902614224,-0.0878441654485,-0.0981616263004,-0.279500558446,-0.22075482905,-0.399643792197,-0.0581914747098,-0.345613410689,-0.109133160742,-0.415792080328,-0.397764272331,-0.241833419357,-0.243209353288,-0.201045482373,-0.492158897862,-0.187384831456,-0.278629588891,-0.361962403435,-0.506722264814,-0.266408621615
-0.430707036541,-0.303700672775,-0.189368262835,-0.185663300749,-0.414324583651,-0.10025787731,-0.256974047897,-0.279688230558,-0.194898965926,-0.306033120367,-0.00355757903472,-0.111565205646,-0.0649528557454,-0.216403214893,-0.158292364776,-0.310628329519,-0.214265759025,-0.167042127955,-0.115228420998,-0.425383429099,-0.288388823358,-0.236758740692,-0.24857850595,-0.259106021332,-0.318518630435,-0.206109623328,-0.274394000648,-0.268463375055,-0.417901067906,-0.364931854839
-0.393584832989,-0.498579285606,-0.233671135332,-0.329307808284,-0.232966978525,-0.0987549411435,-0.235949737137,-0.24024992103,-0.263976608409,-0.3404323666,0.00988614067634,-0.0689554546355,-0.162559124933,-0.20917891067,-0.253703567589,-0.313186729858,-0.0408561435157,-0.278424922969,-0.258843776067,-0.330669582448,-0.290040704248,-0.26873632238,-0.287328940841,-0.388842585996,-0.192202053113,-0.113532948052,-0.336333061223,-0.354921123454,-0.350655602739,-0.266004303362
-0.34596975307,-0.268437443558,-0.311376023744,-0.305096703124,-0.0885350692649,-0.284705620257,-0.165922253619,-0.181698764258,-0.247036577696,-0.278661976757,-0.25106043158,-0.121212611607,-0.114644530269,-0.151278803298,-0.260020238846,-0.428680724108,-0.3993512988,-0.129677998314,-0.131235338387,-0.227773275947,-0.208340124564,-0.24848117056,-0.36411754027,-0.288368801843,-0.195354139615,-0.256893976815,-0.218221622265,-0.227981105945,-0.275804022355,-0.223018117565
-0.331380248711,-0.260227231127,-0.128248777997,-0.403829301822,-0.125172691073,-0.185335350621,-0.0820215276429,-0.0807997692373,-0.12192876395,-0.317716508975,-0.416156170168,0.0491044264367,-0.146022426521,-0.112836128735,-0.213118290762,-0.161562976669,-0.164957184706,-0.270226047283,-0.219264698774,-0.38155943619,-0.14603459286,-0.327665998952,-0.258485006921,-0.303778096534,-0.581882560541,-0.243144277148,-0.422827482292,-0.262995787718,-0.375198456888,-0.356127421843
-0.398486153671,-0.141729786043,-0.155726982058,-0.30411940647,-0.243725234403,-0.320710324114,-0.224886671344,-0.230335076958,-0.327169238645,-0.131352057485,-0.349307784264,0.00436954332314,-0.158202581812,-0.0514876017842,-0.20781765548,-0.342741103258,-0.278397706977,-0.306725858872,-0.205558360214,-0.428367859131,-0.17674531923,-0.23187341499,-0.332153321104,-0.370534756593,-0.455396468904,-0.32114511631,-0.288918125428,-0.195844060181,-0.293899751243,-0.238617883623
-0.470992527596,-0.266755589302,-0.388277873296,-0.160516968564,-0.169676434542,-0.368001889648,-0.202402106498,-0.166245926571,-0.365687435639,-0.148851627857,-0.466514779043,-0.042827775531,-0.187509454796,0.0221680165724,-0.0910119300549,-0.345785084924,-0.221128872139,-0.300007939467,-0.0320441823478,-0.475130885004,-0.217477174508,-0.17923920627,-0.304796024874,-0.189067042049,-0.453058850917,-0.264693402967,-0.0257641032954,-0.359500002842,-0.373249989049,-0.283917418011
-0.241154270817,-0.295389850953,-0.284704646249,-0.299899091361,-0.241357518312,-0.425719839037,-0.178102145754,-0.270243012182,-0.313012777816,-0.287963526684,-0.478256495789,0.0241374833279,-0.240769106075,0.0325848626542,-0.104408216529,-0.192127315132,-0.367110583907,-0.394494639368,-0.00100538750904,-0.353616447943,-0.104388244139,-0.223992863414,-0.177239326528,-0.305101729407,-0.260849568331,0.0199899602444,-0.299807278308,-0.426952390902,-0.425122790451,-0.401317850296
-0.333890524371,-0.227391245329,-0.251516921105,-0.36776035254,-0.269291450876,-0.26591097741,-0.127224512447,-0.282459348237,-0.225420538576,-0.280435325915,-0.354781692523,-0.0191210394008,-0.215824016284,-0.135246458193,-0.348003937575,-0.298764976787,-0.293097111125,-0.319169498319,-0.381231863795,-0.199389577839,-0.340056396289,-0.0421846522118,-0.254591915399,-0.43771232702,-0.276892154665,-0.0474846327594,-0.193917878525,-0.484543691773,-0.353783142617,-0.450322082597
-0.389717945532,-0.313656714716,-0.43099029983,-0.355673770317,-0.00871052593485,-0.140958924711,-0.00914110215635,-0.176460703744,-0.293066787197,-0.20568659529,-0.3676554345,-0.173228294638,-0.24724651375,-0.268279362501,-0.203184433567,-0.315257265561,-0.348721582988,-0.269460947472,-0.410095336717,-0.402938299484,-0.23972700665,-0.0711728669851,-0.312577865295,-0.368565176182,-0.313676792403,-0.195073763733,-0.347326690414,-0.313735465755,-0.403714886739,-0.294060980894
-0.459508238482,-0.40585800392,-0.349191120937,-0.489544691884,-0.267559489327,-0.462335656053,-0.107275015519,-0.137076653717,-0.385686792146,-0.326123969021,-0.222517062102,-0.214900408075,-0.169515549319,-0.0981212406524,-0.144844954772,-0.214510879348,-0.344495089306,-0.182541139644,-0.212261530304,-0.322915512013,-0.212056573209,-0.0814699408231,-0.425436297219,-0.44089041279,-0.316096002641,-0.306091679863,-0.374985854402,-0.322650213104,-0.46854632061,-0.379073999119
-0.478070127663,-0.278249764713,-0.453450169177,-0.318074527359,-0.353498188958,-0.409333657322,-0.190653153509,-0.273457038414,-0.263997755149,-0.3430672768,-0.382887695182,-0.144123499138,-0.247644926904,-0.128768571406,-0.0375607634879,-0.396082566021,-0.276623446877,-0.115818116379,-0.197165448725,-0.172931435815,-0.105675478496,-0.169068366072,-0.341034211517,-0.246266724881,-0.376561825088,-0.319510367614,-0.291938845487,-0.367894654706,-0.325820273655,-0.208214240419
-0.36400055285,-0.28062374772,-0.422541754083,-0.338385659731,-0.221633352467,-0.422288747685,-0.0447390058623,-0.204099451427,-0.369474737123,-0.345870203243,-0.446013927758,-0.107192043101,-0.0595819747914,-0.192452347627,-0.242860966196,-0.42309199922,-0.249997920717,-0.232739227344,-0.235023708156,0.0283703996745,-0.00934494208252,-0.0975837537484,-0.413370743314,-0.256205596356,-0.22046212234,-0.23993525875,-0.250282437075,-0.202605221851,-0.357195845961,-0.286106200759
-0.242681671185,-0.291259407058,-0.312285645207,-0.281729509537,-0.311250012455,-0.355077313509,-0.376939571072,-0.262581644577,-0.382516646441,-0.40779597903,-0.394352344521,0.0385882220039,-0.0488800198608,-0.197880689389,-0.332404696383,-0.350799364721,-0.0890139563187,-0.340152633137,-0.309958808931,-0.0893234714452,-0.139191135308,-0.347378010293,-0.206708930541,-0.468655587219,-0.270018869323,-0.295988962936,-0.314073105686,-0.276381658529,-0.20300298441,-0.40582840193
-0.372264089127,-0.327401434191,-0.331225348213,-0.332563267618,-0.237402632197,-0.278778316655,-0.132741929003,-0.201072616242,-0.360077460784,-0.39188064299,-0.326464006287,-0.00141497939652,-0.212766207644,-0.262626075239,-0.292919770114,-0.358575195193,-0.188134770002,-0.361773522883,-0.193442412564,-0.144611836813,-0.332745384041,-0.233091123323,-0.21255875122,-0.353758190099,-0.219666928191,-0.0955988436055,-0.292549534781,-0.270643346175,-0.222201261034,-0.252398769732
-0.416793056373,-0.235701946264,-0.294192822748,-0.232913296627,-0.362955441894,-0.269272460856,-0.30973105414,-0.217833357579,-0.297673904789,-0.295222891494,-0.378563334966,-0.110688621643,-0.233503186725,-0.263886965478,-0.237032346279,-0.162540061667,-0.323514363537,-0.29909133739,-0.184263758458,-0.104532186036,-0.305449724828,-0.0876929215711,-0.17677373255,-0.265280647656,-0.216956927478,-0.273780405282,-0.251291918302,-0.152977589247,-0.164086679036,-0.341625964997
-0.275639820651,-0.396800576429,-0.269175625424,-0.349022837634,-0.389496918464,-0.430572522979,-0.307324353134,-0.320524375314,-0.386681099801,-0.321865753625,-0.310964180493,-0.242632931706,-0.253820984769,-0.20031319362,-0.299076126737,-0.187577200712,-0.256629016739,-0.250609131159,-0.189239051437,-0.156657222695,-0.329606278205,-0.288952171975,-0.286687615518,-0.15624260437,-0.311778456756,-0.187666401784,0.0529172264621,-0.365100812821,-0.241420786024,-0.28412663992
-0.387306150161,-0.329179677408,-0.172852260122,-0.345491681704,-0.32418777492,-0.302339547243,-0.227268293669,-0.219135755143,-0.41105744594,-0.230086441861,-0.256046323248,-0.252300719271,-0.235336754776,-0.200565590252,-0.352240895726,-0.383706387199,-0.325613424723,-0.166063970352,-0.293160896609,-0.0711645035452,-0.295078831658,-0.316591797049,-0.255564644089,-0.286616612275,-0.338557753022,-0.424921051263,-0.188023909484,-0.392466084068,-0.181424780408,-0.27215022664
-0.430278030132,-0.269317687086,-0.209432412509,-0.159815460515,-0.374071696094,-0.306462198883,-0.25262204616,-0.130884614511,-0.373936329449,-0.194360600621,-0.431701450599,-0.232165262777,-0.289889098223,-0.384453061876,-0.318672770766,-0.399911152571,-0.324770997717,-0.243667772808,-0.180620286144,-0.130385690939,-0.240188688839,-0.13022544011,-0.238478464958,-0.342739990668,-0.344736920305,-0.368323168726,-0.366440074536,-0.130307271825,-0.318197449694,-0.470030615541
-0.483971374825,-0.300618741865,-0.336321894899,-0.139134440159,-0.343887056709,-0.288770346313,-0.163283193651,-0.202497907527,-0.181434814777,-0.153464981703,-0.416511919447,-0.298378031342,-0.302577712969,-0.270527045981,-0.216716019903,-0.296052075125,-0.171698711299,-0.187296718013,-0.375094814086,-0.286069390219,-0.397694840324,-0.341317889169,-0.226380525588,-0.262770457388,-0.325026351677,-0.233247897739,-0.252313890664,-0.383307304743,-0.364098120907,-0.361701018819
-0.293219472039,-0.15194379159,-0.209880701861,-0.185956765156,-0.200044864828,-0.454368673386,-0.17849746876,-0.302589341296,-0.372255857027,-0.098549254248,-0.274377890925,-0.209384973693,-0.226252347546,-0.118796792,-0.333155236912,-0.110604560884,-0.290534096292,-0.321522378816,-0.395191540879,-0.230845491477,-0.35856668703,-0.265503845233,-0.241006876525,-0.271414746869,-0.232186951352,-0.132144375639,-0.248337170634,-0.219696373587,-0.334134253504,-0.355359579567
-0.512221441817,-0.0585783091854,-0.354376371339,-0.329514186644,-0.240898373462,-0.458777672568,-0.190712113242,-0.345447811299,-0.302754725955,-0.10499596237,-0.295581890338,-0.351502819836,-0.374495142934,-0.22661621287,-0.400013815093,-0.339665025125,-0.43769306349,-0.166075804052,-0.215456483626,-0.265769370626,-0.214977926829,-0.196659527663,-0.37143475023,-0.215608367356,-0.23780860622,-0.214263839846,-0.297169860083,-0.353444173352,-0.354893476858,-0.299761930041
-0.250036724323,-0.150061048024,-0.363460337287,-0.402783057349,-0.295464177259,-0.413762374013,-0.233024143463,-0.265265071711,-0.291493592433,-0.307614730061,-0.491414790978,-0.290715999741,-0.250149715836,-0.183181208053,-0.0829835330186,-0.407595612752,-0.014205376546,-0.271169661137,-0.281492189495,-0.33183230628,-0.337434684183,-0.366455348394,-0.437132467456,-0.437259626934,-0.290203274619,-0.251942481425,-0.152834866653,-0.44973955075,-0.0859232566231,-0.364881982076
-0.34593819257,-0.137672542922,-0.362633529567,-0.305823373693,-0.21533089489,-0.304004030038,-0.153500123954,-0.343288950723,-0.319034907173,-0.308362941423,-0.299437037799,-0.144188735327,-0.341851084229,-0.164505447182,-0.102983759806,-0.418099223978,-0.125137622674,-0.0852103785264,-0.297529191328,-0.270588255868,-0.274608423775,-0.314131140644,-0.399986052047,-0.426438741405,-0.329487247598,-0.388881874217,-0.398922464095,-0.285007555182,-0.0767149435075,-0.348187804504
-0.333120232458,-0.330473067817,-0.36784919817,-0.223498025455,-0.242148786214,-0.293228485732,-0.255789383858,-0.421633324212,-0.260146377978,-0.247870930547,-0.183660151449,-0.265522820294,-0.271354860055,-0.284727544313,-0.0886491848934,-0.339624282226,-0.3373811959,-0.129861593011,-0.293402616429,-0.383912625534,-0.160632548936,-0.370798132054,-0.264096055923,-0.32155848481,-0.276804041084,-0.103912835677,-0.373806924047,-0.222397542782,-0.282719990132,-0.250089127421
-0.444576088069,-0.221137806831,-0.272911300489,-0.291197685436,-0.272649410776,-0.389533499806,-0.336876198974,-0.402388456108,-0.239610183246,-0.259099394635,-0.386494441432,-0.281438403514,-0.299658063506,-0.33569403225,-0.174661602656,-0.284259572716,-0.370363425055,-0.305953623273,-0.242195655008,-0.1990844365,-0.225219618805,-0.306217923785,-0.36549302292,-0.221311111637,-0.337134797977,-0.326793209254,-0.179646331058,-0.503803973809,-0.16748517659,-0.271657105233
-0.246791318597,-0.356956841293,-0.338484996143,-0.333843381022,-0.218907747682,-0.234202612712,-0.226669618951,-0.328031140797,-0.177057755636,-0.190997996311,-0.347155631692,-0.29457145212,-0.254547563034,-0.349916528908,-0.239089296296,-0.0590185087565,-0.247108786423,-0.331775680752,-0.183950187643,-0.159341871577,-0.0979905751956,-0.341769257307,-0.417425888577,-0.356745950533,-0.136831961853,-0.261924404302,-0.351062249125,-0.321311342612,-0.342560550215,-0.245459064237
-0.433623558154,-0.186383943138,-0.346221871624,-0.290498038364,-0.458059807161,-0.3200043808,-0.205873988576,-0.421392220898,0.0211617799118,-0.259737050721,-0.38759116213,-0.298405413793,-0.124576883084,-0.175891584962,-0.521919688289,-0.194070815032,-0.310884090205,-0.190944199167,-0.394398742956,-0.144034426275,-0.18942404396,-0.20092243147,-0.38271955788,-0.356588359674,-0.41832132669,-0.330422593294,-0.263246719555,-0.424506334653,-0.375625630267,-0.310570617567
-0.496139947521,-0.0419910763003,-0.49673129796,-0.301549591431,-0.242494311965,-0.230259475251,-0.1618719177,-0.390480298884,-0.129990958657,-0.156228177777,-0.425399280397,-0.343410971142,-0.30444354144,-0.168991062092,-0.308252529402,-0.350562544851,-0.363318289398,-0.107280928701,-0.213536407813,-0.323903866273,-0.281705463478,-0.239469222791,-0.324584051487,-0.242741393178,-0.483119329376,-0.110803632922,-0.312723631403,-0.269744059707,-0.276447861762,-0.340201166856
-0.395135235617,-0.262589375034,-0.405956811681,-0.300739158477,-0.211527959263,-0.392309508432,-0.111959972978,-0.409996277575,-0.204811674392,-0.286097535849,-0.415376882587,-0.365206842822,-0.376960984969,-0.329811645553,-0.203328758073,-0.230206106874,-0.224835176455,-0.17255607163,-0.262115178913,-0.41757628207,-0.192627450787,-0.294144378494,-0.423233497167,-0.507854414618,-0.400775971701,-0.237871014206,-0.268038474169,-0.233678187381,-0.216026574467,-0.178676169103
-0.442224213926,-0.108999970042,-0.332622680009,-0.385336537332,-0.139439905621,-0.539698923292,-0.191983768006,-0.253353620848,-0.242926956683,-0.38314011575,-0.255994132064,-0.368587275095,-0.235811857641,-0.411399667651,-0.370190842844,-0.250298001655,-0.332750287252,-0.252725928084,-0.28126239837,-0.308396468825,-0.201078986596,-0.251272921308,-0.363333573496,-0.406583812353,-0.354752826354,-0.241135199951,-0.448178422012,-0.134341075832,-0.240493653158,-0.106331333989
-0.422502310831,-0.270585634416,-0.422107910989,-0.456164894648,-0.220443070979,-0.437421642663,-0.134576575623,-0.284880295399,-0.338534083169,-0.336261518674,-0.353779384418,-0.297007727073,-0.257522465755,-0.42002273086,-0.46914106461,-0.244815419903,-0.205363124777,-0.139325845471,-0.286716310604,-0.211222064638,-0.361452128443,-0.215504974329,-0.376396781598,-0.391133675355,-0.299927045526,-0.0724639508315,-0.41549386471,-0.324358330307,-0.22984357686,-0.109653155612
-0.412882293389,-0.25925643016,-0.303584286352,-0.238532966539,-0.460204792838,-0.325294922595,-0.354543617235,-0.186462174019,-0.40976984197,-0.442169435008,-0.416163884709,-0.262495311494,-0.254247502991,-0.451977567372,-0.29712446982,-0.277980233439,-0.197620257225,-0.242653460954,-0.225264061593,-0.337336512668,-0.430348231651,-0.249734433505,-0.256877961746,-0.33888046178,-0.30069754634,-0.284655627204,-0.368890599432,-0.311724223678,-0.350839962842,-0.249602488229
-0.329562222508,-0.169101461178,-0.345277578772,-0.174785799915,-0.303265119695,-0.460161988675,-0.362719215539,-0.266858257787,-0.38320518302,-0.376357344069,-0.436248695513,-0.146378490986,-0.279774777842,-0.326281498667,-0.442163361412,-0.369714586948,-0.301743704829,-0.286624909529,-0.36706382947,-0.146870153599,-0.292960382889,-0.143010054302,-0.235316793994,-0.30726121418,-0.198890658177,-0.139532830677,-0.42516424599,-0.355266801549,-0.37264800305,-0.376459716825
-0.387314916136,-0.220919893699,-0.299712983624,-0.336311844948,-0.117538005851,-0.360946903557,-0.352200010015,-0.217595138152,-0.299439620505,-0.395916997599,-0.311759689202,-0.198638862517,-0.179601535229,-0.284051281058,-0.512994961568,-0.340241617822,-0.300621538106,-0.442079675939,-0.256735571339,-0.184791136276,-0.274460962577,-0.233575009162,-0.284788091592,-0.350168798648,-0.288214736611,-0.141834234962,-0.401946776776,-0.389086359537,-0.332161827302,-0.395549402888
-0.379510926306,-0.259924831712,-0.23272152257,-0.419071635603,-0.207013604837,-0.39573551406,-0.463458674389,-0.296079443723,-0.175261800531,-0.498773163225,-0.372669627028,-0.221101466535,-0.228806836035,-0.350702626717,-0.383045518898,-0.272437927365,-0.277267741352,-0.331910682281,-0.20623184251,-0.256645945608,-0.189339800613,-0.300873212967,-0.309333587848,-0.301389762279,-0.418899965717,-0.4032882941,-0.307103295147,-0.287369252337,-0.303089951801,-0.12177060582
-0.373761276359,-0.27761540346,-0.37126118885,-0.310690448442,-0.264222704778,-0.458809375732,-0.399047590348,-0.176601289914,-0.137083627044,-0.406480181074,-0.401274695745,-0.294911729499,-0.26494320827,-0.268426275586,-0.185569738246,-0.0555887051072,-0.296282173166,-0.455714136701,-0.279119557367,-0.209476177955,-0.434348125895,-0.366299463899,-0.333411844185,-0.291449568598,-0.309069388102,-0.164834083102,-0.313999440366,-0.189243633299,-0.275614238059,-0.135953195827
-0.286493223111,-0.420876176521,-0.308337698037,-0.444317605204,-0.262331808881,-0.342551545801,-0.441330505121,-0.184184480464,-0.202964554283,-0.381616218554,-0.311307159272,-0.371072955343,-0.273515585571,-0.354569398019,-0.149319363024,-0.484728530323,-0.381420039273,-0.262230071769,-0.165568224353,-0.292855205559,-0.361490139584,-0.227231623538,-0.295650588516,-0.154861770475,-0.21841736589,-0.239405439272,-0.219145090787,-0.297182520313,-0.514533496636,-0.0984436883678
-0.407981089047,-0.288309186111,-0.26838560603,-0.406507808417,-0.225195599202,-0.271346159976,-0.413584866785,-0.212721096199,-0.0516995986176,-0.32052566047,-0.448365335053,-0.298760183548,-0.157395618841,-0.169041451851,-0.380348867041,-0.270600225342,-0.361976888897,-0.341647897389,-0.136848179009,-0.378698209654,-0.453203347784,-0.325732449756,-0.268462161706,-0.268397154524,-0.179796667707,-0.219715477602,-0.306141982864,-0.322946707017,-0.520435354608,-0.31211332625
-0.398049927649,-0.199734929027,-0.236254087068,-0.32479451365,-0.211579299963,-0.289361645621,-0.313507127555,-0.359006820883,-0.393856209618,-0.377415377242,-0.563624737505,-0.332633258526,-0.0531074041759,-0.180594548345,-0.45914167378,-0.306240638899,-0.399519299185,-0.294080149568,-0.199189802269,-0.472643331076,-0.279261333322,-0.208743431004,-0.328391005224,-0.188301385453,-0.245272496662,-0.270810062239,-0.361282627737,-0.438907129429,-0.381209204349,-0.263408137097
-0.304151913551,-0.258767931543,-0.306136716548,-0.34923747672,-0.306117307377,-0.219976716872,-0.304307393467,-0.415637253899,-0.385504307444,-0.365843379586,-0.478864155249,-0.331794082938,-0.141678719216,-0.124818204592,-0.333636369527,-0.131121233041,-0.356870511079,-0.244994765716,-0.327344609439,-0.400775001524,-0.311019513337,-0.195793163154,-0.201200395285,-0.233933913817,-0.335328208668,-0.196824656147,-0.323744136035,-0.399396325141,-0.410212310341,-0.296701918642
-0.164944537566,-0.305183599378,-0.125338684721,-0.293943244688,-0.230207221484,-0.256473806491,-0.248053900965,-0.440348647142,-0.31308439797,-0.299918697769,-0.372518400597,-0.463753250469,-0.280623164529,-0.30162506009,-0.460647175352,-0.26188918286,-0.364350552073,-0.19273296884,-0.352815403498,-0.344131203113,-0.318118962434,-0.159685867672,-0.374784033598,-0.268839250953,-0.383642881078,-0.217088897113,-0.333004103013,-0.2192059668,-0.490095498623,-0.288222358687
-0.341446071608,-0.288641069171,-0.29569448408,-0.332164706778,-0.274679873043,-0.233142516656,-0.242884780389,-0.131534723508,-0.0960754816475,-0.410151804475,-0.316902893728,-0.3935903247,-0.190432209801,-0.291148463229,-0.232342981687,-0.235167339692,-0.452088145603,-0.171989072701,-0.185978531785,-0.370958247205,-0.416180491493,-0.217253226236,-0.29469536446,-0.275826414253,-0.457507876861,-0.225306645448,-0.448140539234,-0.310998654219,-0.191236503527,-0.259836199353
-0.209669572696,-0.207633509343,-0.320936008391,-0.415299378471,-0.317751987726,-0.31134193148,-0.0242358504963,-0.331062100374,-0.329578712004,-0.460207568229,-0.416186024041,-0.341750568019,-0.243673775842,-0.272362811462,-0.283742097186,-0.294576377194,-0.337212814191,-0.195353006805,-0.335605405904,-0.42761676576,-0.324166709624,-0.221281859013,-0.229101658234,-0.326018788153,-0.357458267596,-0.313084760049,-0.359475866527,-0.303852107564,-0.358638279462,-0.0661179508764
-0.182224012409,-0.307795099067,-0.4222714339,-0.342836773093,-0.385715225802,-0.312022374491,-0.267088260844,-0.409275631091,-0.320608102135,-0.258685098449,-0.326669145045,-0.513384108067,-0.290782340543,-0.303781439996,-0.307386863135,-0.308255093132,-0.347937831612,-0.238313831503,-0.214481471139,-0.288523951665,-0.160062162019,-0.282236956518,-0.132070903226,-0.215999236531,-0.404081488759,-0.155166848866,-0.357124954939,-0.373108054643,-0.249669523159,-0.0121956393276
-0.29640539695,-0.22205244789,-0.425015798751,-0.310954237833,-0.315299946254,-0.347488606219,-0.143030868155,-0.374297726517,-0.41820394066,-0.306973855791,-0.388717426984,-0.449325914201,-0.416386937881,-0.310345825814,-0.368165710408,-0.239853759264,-0.40794819095,-0.220000220279,-0.274341762838,-0.242169140178,-0.255790647268,-0.243712006624,-0.284385481328,-0.214799283105,-0.390872290883,-0.235654896376,-0.271634654549,-0.350296909321,-0.336436918619,-0.266510211423
-0.221679058282,-0.516347502688,-0.358556253332,-0.441199244812,-0.32519596118,-0.388847346543,-0.17505728348,-0.357785260295,-0.417971342678,-0.257149912499,-0.162710033734,-0.403556726137,-0.33338787554,-0.138125110957,-0.419685362015,-0.254557152275,-0.385073360556,-0.26845380162,-0.168638136347,-0.379098852493,-0.434678120942,-0.232574306261,-0.445801727939,-0.286316307771,-0.373088155571,-0.353363966995,-0.358062436729,-0.419418295908,-0.457703019686,-0.361433737775
-0.246043038476,-0.223881854004,-0.310970164027,-0.442043878379,-0.423828464888,-0.363444349309,-0.193275885379,-0.340352314336,-0.381273184882,-0.226659581651,-0.413704348071,-0.338132549901,-0.337264129193,-0.282785643103,-0.378746136518,-0.174921865006,-0.333718372794,-0.107123861437,-0.257687949087,-0.34524768366,-0.189436891688,-0.20336526092,-0.388979032567,-0.333668266285,-0.285233497652,-0.264266941731,-0.426432848223,-0.312212121744,-0.463371645729,-0.440438902999
-0.311810228249,-0.425577236191,-0.249444370884,-0.483679728858,-0.207076964585,-0.389199735625,-0.354518589954,-0.353574874819,-0.479108377436,-0.175827826548,-0.460920071654,-0.394861675219,-0.18463798096,-0.323631996193,-0.44636207247,-0.21041016014,-0.436134330467,-0.254308939365,-0.282252552274,-0.305630566741,-0.220813257051,-0.317836506239,-0.331906019433,-0.438865285178,-0.357617805642,-0.392805122204,-0.32363936796,-0.36443027235,-0.405344132259,-0.315845647736
-0.327023829441,-0.253970558358,-0.30977561836,-0.307386161325,-0.323538370641,-0.337669718055,-0.15505021622,-0.294333060887,-0.352205001311,-0.206192141349,-0.410069683633,-0.232898195768,-0.347906543997,-0.448040306705,-0.439552788955,-0.303815466747,-0.390619656192,-0.27221007128,-0.22246639292,-0.187637515021,-0.231456100169,-0.26464667707,-0.328247396587,-0.344060957717,-0.407473493278,-0.380657285835,-0.332467602942,-0.284127749627,-0.270660589303,-0.136858673504
