10.7428311921,9.09736803543,9.00597892166,10.658010355,11.2408623504,9.36929368038,10.9807629868,10.4303765694,9.53123266103,10.0350280116,9.43064253291,9.82399233361,9.74289166951,9.82827583526,10.3319381766,9.83059853667,7.98390781794,11.1320577759,9.99548145336,10.8169850482,9.1701390554,10.2723299508,9.77013875506,10.2398050489,10.2287482271,10.6207212689,9.76914972945,8.91472975088,8.78790353794,10.6450409494
7.72064842976,6.73788289012,7.32010006167,8.57407641322,8.18275030732,6.9892702139,7.73080013473,8.39589132208,7.52016826329,6.83896630288,6.99830956121,8.72047041265,8.62998275871,7.38814087465,7.77209068205,8.02332288125,5.83522598126,8.28694873315,5.78346368812,7.67677386262,6.8005183723,7.4282099678,6.49671490602,7.25601544784,9.06901817069,8.86549373946,7.26648307218,6.72579317045,6.88091803959,7.40180128305
5.15542948109,5.40721727222,5.93477874807,7.00846752207,6.57638959701,4.80543970525,5.79530852333,7.19998856397,6.52485956584,5.28251389217,4.971517498,7.39999588402,5.80182878584,6.28962851611,6.03826554739,6.64998200147,4.54255513321,6.21331190492,4.05197955653,5.7622782793,5.72714611551,5.06910762039,4.60045562394,5.6803127648,6.82734979357,6.23371439272,6.43331557034,5.66153744793,3.99945593151,6.17161669239
3.80771273627,3.82274006377,4.67523458599,5.49761914774,5.73392069052,3.1527897827,5.05119364299,5.36423219716,5.42260784329,3.69247811337,4.01303895751,5.58127889049,4.70667193777,4.96765571841,4.03607656862,6.51550784123,3.15288358688,4.71403940702,3.13715790093,4.91165563919,3.78949310037,4.50149475427,3.48282206208,4.03947399529,5.44457203833,4.25733642884,5.57457737018,4.73100768851,2.68948167639,4.71101230331
3.10377242429,3.15127811549,3.5564797425,4.68379133235,4.89243686659,2.43918695229,3.29277353479,3.86844167451,4.3647809125,3.12435247355,3.19180728406,4.89224517427,3.93724926255,3.66854316038,3.62671180433,5.048825407,2.55070570639,4.10507323526,2.26574668197,3.61249947781,2.91116452089,3.6024022944,3.00960617532,3.13984432377,4.56803526781,3.12509055062,3.67051576112,3.51864931591,2.19344272772,3.57050407819
2.53886729189,2.4404813503,2.99897122886,3.57082678441,4.36963348618,2.03130730717,2.43610391495,3.30648518689,3.37834794048,2.9361858145,2.38969219486,3.54143451868,3.10553200769,2.69487831291,3.66543033244,4.30109137838,2.12146316835,3.19487320957,2.03403659989,2.56254517887,2.3420467101,2.82300522179,2.31480338312,2.22073653976,3.65605901982,2.8467538716,2.84394201986,3.10384633327,1.0995107023,3.73553785382
2.24532339881,2.18928393484,2.46237523488,2.73633121608,3.31509192875,1.61314689087,1.94259623366,2.44530610054,2.39756709624,2.29344998764,1.85190966428,2.32430574803,2.1079824637,2.20372806276,2.81893878093,3.45441101144,1.63300565349,2.28865578865,1.52334805416,1.97563394851,2.09967745771,2.4282200129,1.6868139617,1.52829046949,2.94150734573,2.05331765516,1.79598978641,2.39788534572,0.623674725548,3.09460795153
1.67359166859,1.53161835302,1.90915427904,2.29272204749,2.70602653589,1.35902668589,1.52969000783,1.99502273813,1.9091963682,1.69962864351,1.69424268826,1.38003630042,1.92575444991,1.37228223587,1.82836978176,2.61241828479,1.12312196221,1.68969553039,0.701606032025,1.73465680875,1.57828188559,1.68264806932,1.18645844784,0.997419857648,1.8459164155,1.43901928088,1.1754510725,2.11258501268,0.12371717398,3.04290844159
1.61451356336,1.41373075084,1.60709383529,1.43384921704,1.65683609459,1.22048739192,1.14251950443,2.07087597839,1.60430166199,1.43169512209,1.0435762591,1.24746852769,1.7436472768,0.757140886985,0.914697611606,1.80340647701,0.776292312207,1.306947923,0.736885122072,1.52050506186,1.23620530638,1.03395411314,1.14416757774,0.671512797528,1.84164077651,1.04545451463,0.794073735252,1.35253973343,-0.136601766015,2.55707468912
1.30074202708,0.883809610318,1.28073899018,1.08675030065,1.01300784567,0.839955672576,0.890438632366,1.51640407408,1.31432641082,1.108484343,0.514703593489,1.09485045779,1.08651116993,0.507347417958,0.505308264717,1.33812067037,0.480085270996,0.966713819067,0.417537988421,1.181092201,0.792172534782,0.8927911669,0.608970441697,0.469622106637,1.26064551503,0.708164924809,0.340075168991,0.994192638759,-0.124970363572,2.30723275906
0.736694223215,0.879750329888,1.11781115741,1.04632239077,0.5895077653,0.566707135049,0.632559517023,1.37824247459,1.01324728783,0.959090034097,0.148728301962,1.02513094972,0.770697204966,0.461639892919,0.412565006844,0.707137385345,0.394499457936,0.708035629619,0.0466720014016,0.874237968081,0.5718281812,0.600264007293,0.370825243196,0.314339508477,0.590227056673,0.642351309921,0.240396107652,0.725100947351,-0.321315795158,1.67337214028
0.406664502625,0.489507636006,1.03374800776,0.895995792521,0.30939046252,0.341591036901,0.577257829581,1.51667215078,0.36492812338,0.781024521108,0.0644493538583,1.09285683439,0.550757377072,0.251389202486,0.165052591515,0.732176340951,0.416633035974,0.626689677857,-0.0773615226445,0.617995097235,0.436147002442,0.30573165175,0.22190294749,0.192540958905,0.420934753208,0.403908133581,0.108605260604,0.391774913531,-0.376137450891,1.31929213873
0.246670668512,0.420277468033,0.92130316743,0.750458310873,0.19544588065,0.21872227047,0.317758478718,1.06658981017,0.280674502344,0.624104384184,0.0702920448658,0.421571108671,0.242677609381,0.0206480738162,0.110180595947,0.463084341503,0.0509351034639,0.356119418053,-0.166206594143,0.501131516567,0.328400635146,0.062394303366,0.142654069495,0.122017993226,0.14971516772,0.343111976754,0.15408230998,0.409468712614,-0.372232839771,0.895166651318
-0.0839800751037,0.247218884697,0.398746069824,0.36626325553,-0.0800618227476,-0.0520347050764,0.115975402342,0.76412113778,0.266620862586,0.7065738088,0.0213758286527,0.213814795205,0.399048788886,-0.0568705189434,-0.187374156867,0.337554005244,-0.122319833613,0.227580273046,-0.0636914013827,0.541290201669,0.0682744328621,-0.0925416812956,-0.0375491996849,0.169075108211,0.231613399416,0.114904140079,-0.0281373737981,0.187384516192,-0.240447719723,0.468148761984
-0.105464126549,0.3291233346,0.0683257990159,0.381550007362,-0.00787094081145,-0.207184555153,0.0156027232872,0.605633812547,0.0937745374053,0.511650831099,-0.0858747042095,0.0781782626849,0.199529883242,-0.190716562152,-0.313376093964,0.171558841768,-0.224065219738,0.0601560796614,-0.174911667957,0.239672977554,-0.205826412294,-0.193573797797,-0.1908700041,0.0588560858581,0.0250233953056,-0.113615824074,-0.135176072639,0.0120950317698,-0.352890989829,0.606905013615
-0.22035893564,0.152260082545,0.122563730216,0.123018656201,0.0241755526119,-0.273856253436,-0.142943565323,0.522844412899,-0.0349975441124,0.347773192316,-0.214133379121,-0.163027746497,0.183339501558,-0.160473802879,-0.34134334619,-0.127691263735,-0.100971797707,-0.0483484538817,-0.196401935866,0.20681880814,-0.178124458247,-0.24434302918,-0.136988050103,0.114142232193,-0.00457920793087,-0.25859297776,-0.097928965653,-0.0483324082503,-0.43114805436,0.369867759316
-0.172073977128,-0.153225282455,0.0685221624941,0.120506959151,-0.0725305998033,-0.293683641023,-0.10085806757,0.490974193985,0.0143686064253,0.216548842098,-0.164171035559,-0.22729309556,0.00305808853549,-0.141719891706,-0.439649187927,-0.176422007786,-0.0968216250784,-0.101312857451,-0.271395827744,0.0305870598138,-0.231914567141,-0.399665594543,-0.0350631581006,-0.0745257975407,0.00658417330367,-0.264551307866,-0.23076991318,0.0564992787591,-0.510564681798,0.399540187743
-0.222817764938,-0.26768965167,-0.0130099969075,-0.0082013968432,-0.284267531428,-0.307234992643,-0.245158486104,0.52626682981,-0.236106423666,0.0308483938798,-0.165842505892,-0.506713706041,-0.115935804676,-0.188656550386,-0.41197629538,-0.140520128476,-0.272956028058,-0.139891409126,-0.285193950677,0.111074900829,-0.252933573126,-0.442518274511,-0.221753953019,-0.041446859237,-0.116978584608,-0.363976341223,-0.218022895765,0.12159019417,-0.44537041257,0.0860351695009
-0.21633401001,-0.272858640497,-0.107282057574,-0.187235384772,-0.1918574877,-0.393244514912,-0.32707272076,0.246555319439,-0.206822175147,0.053124994017,-0.332977488169,-0.483174756025,-0.12734425225,-0.286167742804,-0.444983072535,-0.269785998865,-0.275402335781,-0.266634252786,-0.357736542552,0.146643997712,-0.292672614908,-0.469316073261,-0.303243576639,-0.197902054826,-0.1194028975,-0.358864584598,-0.194630173379,-0.158385460663,-0.497211480419,0.0375679056468
-0.270760013882,-0.307673866262,-0.151610801768,-0.0822047183933,-0.293068963623,-0.298473260221,-0.199606902928,0.207597776646,-0.213152340347,-0.0271047635938,-0.265025956147,-0.534850358169,-0.213421705877,-0.35337877652,-0.547068109013,-0.149302838774,-0.267837260211,-0.124930222069,-0.301641626358,0.166773706138,-0.311854161379,-0.470731465162,-0.292846712546,0.057698800492,-0.100600783669,-0.364810785654,-0.165939197857,-0.29661942201,-0.546375098138,-0.0613587131112
-0.251610608186,-0.44267931851,-0.240535370396,-0.314117329565,-0.367073080973,-0.418971564411,-0.305153356146,0.00755968993338,-0.37299986052,-0.165992360374,-0.305896107282,-0.61530657911,-0.186222207179,-0.350786912009,-0.503915623908,-0.268214769774,-0.353194954767,-0.225386976788,-0.256546851718,-0.0825331894376,-0.459273701679,-0.532479119496,-0.346115924791,-0.151113905927,-0.248156255352,-0.472510404432,-0.221166120399,-0.235733220573,-0.455732897487,0.05100581118
-0.36391160182,-0.312298483982,-0.131189320732,-0.325419812881,-0.207074519569,-0.385007852172,-0.328262281302,0.0591040102781,-0.319249942169,-0.242126256819,-0.309839255314,-0.404034119838,-0.293960806055,-0.337801075494,-0.530778729655,-0.30813412666,-0.295812388987,-0.254442840334,-0.306661344072,-0.0215205869383,-0.413018870753,-0.58622635555,-0.405524739322,-0.190149951645,-0.189597240006,-0.356145497812,-0.303220370217,-0.321889562896,-0.526680153559,-0.0847401166768
-0.387570238992,-0.388120518382,-0.235794256628,-0.365122386743,-0.413057322877,-0.377267763233,-0.390247516435,0.00990057124336,-0.323643504589,-0.297776942264,-0.24465119498,-0.616457804173,-0.282133085653,-0.358602388902,-0.450167106492,-0.291647948396,-0.38916755413,-0.403708391015,-0.414758989163,-0.295952047498,-0.33842836628,-0.502206343905,-0.432610542431,-0.303059329405,-0.228633763981,-0.464210357307,-0.300176668435,-0.363795866656,-0.585127965412,-0.0369860757562
-0.461655896415,-0.505239605566,-0.309194738923,-0.294383621392,-0.467102421422,-0.359091007706,-0.371368369291,0.00919105529108,-0.420972437213,-0.354696241091,-0.371799427006,-0.564815152126,-0.443014547576,-0.368402361455,-0.402040782936,-0.336643376275,-0.364671055752,-0.353807410088,-0.559589654313,-0.283923380043,-0.414875859285,-0.505932635886,-0.454590711375,-0.426315212658,-0.239625133272,-0.409874628181,-0.280326937584,-0.253525069541,-0.572304940626,-0.156841555381
-0.424370048921,-0.459465999314,-0.361689489809,-0.516658806166,-0.50419268393,-0.346278242908,-0.270897128111,-0.0638594614529,-0.403858472599,-0.377025474644,-0.399906022696,-0.481844515808,-0.51745100287,-0.299950379556,-0.46124599234,-0.397801506041,-0.461030387704,-0.304970104955,-0.550164665296,-0.31697971339,-0.409454947801,-0.54238150272,-0.429418645591,-0.538571710192,-0.303704135146,-0.401597269264,-0.349626790012,-0.328135261317,-0.582956084928,-0.150027084994
-0.439898867895,-0.564915572672,-0.358703737984,-0.442210382191,-0.544599294994,-0.409949657706,-0.290012770334,-0.142464249792,-0.351254210074,-0.325528885565,-0.372891874619,-0.473539065145,-0.466507044755,-0.374857251023,-0.359792968343,-0.427827624701,-0.530380163269,-0.388594173247,-0.410550286487,-0.366367679998,-0.437093678783,-0.514751080328,-0.37960819145,-0.504875608256,-0.371791539054,-0.535162896772,-0.412315535533,-0.297561225017,-0.653633776528,-0.216912233168
-0.474829357668,-0.547949020235,-0.516476582302,-0.450741106332,-0.506078710141,-0.424445190569,-0.455588584989,-0.159198618328,-0.343782717735,-0.289841482368,-0.275907979972,-0.499597765543,-0.485586389435,-0.446737114784,-0.403910858109,-0.462432724476,-0.500849810136,-0.405671511715,-0.426757370268,-0.462058984889,-0.551440780665,-0.592051766555,-0.5087612609,-0.434423711194,-0.344589141283,-0.34630224589,-0.424126111394,-0.461550356329,-0.56455771322,-0.40174001494
-0.42168278811,-0.512856763291,-0.532207778098,-0.36435987922,-0.5614933233,-0.24841305108,-0.507595754732,-0.262713043124,-0.38169419006,-0.398898602743,-0.550850223679,-0.441318952724,-0.561894551823,-0.29199873289,-0.396869700081,-0.382025689452,-0.461373460244,-0.461784050766,-0.508726747357,-0.453785723572,-0.546358792309,-0.422293146088,-0.501692091153,-0.429644797934,-0.310354751409,-0.524763023912,-0.547025189216,-0.443056920668,-0.504462725886,-0.364473028025
-0.445827753997,-0.494779479404,-0.46819997297,-0.499122455817,-0.595935080659,-0.380058173741,-0.486265276211,-0.301831240335,-0.358961473785,-0.503615913301,-0.520885635179,-0.466046266076,-0.466831402075,-0.372182440433,-0.479584310547,-0.405356645873,-0.505747773712,-0.480257014961,-0.421792236668,-0.518904588785,-0.558550341497,-0.470975528954,-0.491596998436,-0.426615518729,-0.371707067452,-0.505676245078,-0.520332429695,-0.489160087417,-0.565973524113,-0.448012570575
-0.440555944657,-0.576252490432,-0.588906771915,-0.450762055151,-0.486705435763,-0.335537692413,-0.544963884727,-0.335412607248,-0.460289155302,-0.447711454271,-0.523206437942,-0.557786782415,-0.499382854395,-0.388780041538,-0.483392199355,-0.410796743841,-0.559810286609,-0.549753217019,-0.525657454087,-0.443712681243,-0.469481862298,-0.529085648594,-0.506555953735,-0.356864122986,-0.498935863008,-0.584577480117,-0.504397794983,-0.369910945628,-0.559868786647,-0.455369781062
-0.4037553607,-0.556554116543,-0.508911369805,-0.503574341465,-0.520420043456,-0.395962981671,-0.523151002387,-0.320055523634,-0.317594277145,-0.424202063039,-0.577283697661,-0.480779262619,-0.529959298317,-0.465396709118,-0.416554058284,-0.505813793468,-0.614946045759,-0.468968922729,-0.472699410405,-0.459090649173,-0.586689566673,-0.478258011293,-0.433160478088,-0.510799211217,-0.408357164376,-0.550357989857,-0.478786126401,-0.356842582334,-0.563354218069,-0.480398603087
-0.484737545345,-0.604211707851,-0.638743907467,-0.498337626985,-0.471420051345,-0.393733357169,-0.532914274092,-0.413132346647,-0.509270514697,-0.450114037528,-0.634909870624,-0.547261158291,-0.576480859936,-0.455641226641,-0.532804396895,-0.440410693348,-0.597130957246,-0.516065448601,-0.439087441584,-0.550434160329,-0.610768233476,-0.476842361815,-0.515941122943,-0.592312692025,-0.523126025376,-0.581263731441,-0.554268069007,-0.419436499034,-0.647300948248,-0.401946975838
-0.396983320623,-0.604648754308,-0.587088048555,-0.579425357818,-0.538901910338,-0.48520620905,-0.566265518324,-0.371494352888,-0.628358938018,-0.453544081504,-0.5649447854,-0.53705237492,-0.628950626557,-0.408471627455,-0.485730822664,-0.417288088304,-0.579277609136,-0.479177389319,-0.476387664872,-0.438053139829,-0.533897564496,-0.516783825876,-0.521812125816,-0.517701842541,-0.436685904805,-0.559682660585,-0.536099389714,-0.537101633371,-0.612185955285,-0.517206072805
-0.410112797365,-0.524668529159,-0.62703913781,-0.560558137508,-0.495338254308,-0.567115432898,-0.49581199396,-0.383439913491,-0.497771203549,-0.482650755289,-0.558339697545,-0.465481536499,-0.622598995347,-0.449442770979,-0.39066328729,-0.521369254532,-0.606495420015,-0.416100243438,-0.517446372473,-0.491531516887,-0.563928132915,-0.45148636071,-0.613488194404,-0.563517400886,-0.392455548811,-0.45639358357,-0.556405236499,-0.38601938445,-0.582967660802,-0.62203812333
-0.485384465303,-0.52039931148,-0.581205287358,-0.500788787095,-0.56024281153,-0.533383531334,-0.585511140993,-0.430293607695,-0.501358552838,-0.406011036788,-0.590199155902,-0.566816650912,-0.608291217619,-0.533082397647,-0.496180354716,-0.349053530476,-0.599309507605,-0.491900312297,-0.440090159224,-0.588758088032,-0.585015568786,-0.405305670137,-0.571412383215,-0.482500403394,-0.474420545452,-0.395653003776,-0.520465179229,-0.487649551324,-0.61355227604,-0.54643906599
-0.457425417972,-0.455175914352,-0.627931004618,-0.532864000205,-0.633497589971,-0.559867826171,-0.62787794541,-0.46538059978,-0.599868119666,-0.380557788717,-0.586647639387,-0.527297812332,-0.607637536233,-0.598338982513,-0.503816059912,-0.403531799054,-0.655238734343,-0.479480162102,-0.489005991569,-0.578021411964,-0.601769674908,-0.527115785996,-0.550375844846,-0.580632025404,-0.43537853982,-0.539950547827,-0.603594737282,-0.339622813663,-0.610677155405,-0.497382403489
-0.579607034555,-0.513054510508,-0.60657519871,-0.528103161556,-0.621984129224,-0.517893625651,-0.703975414073,-0.44851817804,-0.550326501308,-0.279113778214,-0.565089281339,-0.482185000918,-0.542889934101,-0.54112648897,-0.415068681687,-0.401420446177,-0.602254360494,-0.425901558938,-0.374456129029,-0.624075006764,-0.612445309992,-0.533970785584,-0.438791360704,-0.639535120493,-0.514445254584,-0.559246456332,-0.485853290464,-0.420298580333,-0.649006291375,-0.493642960161
-0.530837098856,-0.533554733915,-0.554999941492,-0.526091803951,-0.565378846061,-0.599017725349,-0.673353852259,-0.429891504998,-0.587687604401,-0.34307203199,-0.654314642976,-0.458210960187,-0.504001666329,-0.404822048184,-0.491492009764,-0.473559906203,-0.649013400929,-0.525487056372,-0.472866397746,-0.579526819083,-0.711779936492,-0.49504637788,-0.548241868662,-0.553787687385,-0.549395910989,-0.577376261229,-0.578032918536,-0.46068671364,-0.549617253066,-0.564069183279
-0.445296419275,-0.51454976171,-0.600988156783,-0.470006462196,-0.428355360984,-0.611145412485,-0.556066333358,-0.544209443165,-0.538726424952,-0.46458786341,-0.540550833181,-0.494207850559,-0.493701710746,-0.527069320545,-0.416182522062,-0.531006392679,-0.638241897672,-0.432237660354,-0.471238612194,-0.667465235644,-0.686148989329,-0.450686557808,-0.526539849767,-0.603918904792,-0.538111649574,-0.490983911122,-0.553198991612,-0.427670890162,-0.609178835365,-0.529708990954
-0.553734198201,-0.628472874736,-0.554304026788,-0.472292846907,-0.470347046058,-0.540988784009,-0.576394427871,-0.515321042166,-0.50193684404,-0.42422682989,-0.553066719918,-0.456556132294,-0.645564781417,-0.516638932397,-0.521126421545,-0.516322310252,-0.650500006019,-0.490456689711,-0.478476239319,-0.597157495351,-0.720546608256,-0.490131978246,-0.648087904904,-0.589169502331,-0.519695877431,-0.511588213517,-0.506219845615,-0.420158754101,-0.580778375241,-0.493691187546
-0.55549247772,-0.664600351801,-0.54252827879,-0.5841246532,-0.54997862895,-0.590645710918,-0.6364568925,-0.438653960759,-0.561179773564,-0.419963389081,-0.549853074846,-0.578468612225,-0.616517433023,-0.537904214519,-0.591901566403,-0.515227619555,-0.666474376255,-0.591315439461,-0.54166395433,-0.631566445128,-0.651964531373,-0.571114013472,-0.497275798166,-0.590589856156,-0.538931682044,-0.57608437832,-0.581527077763,-0.471820274937,-0.634609444323,-0.411233099557
-0.599075234317,-0.672355909327,-0.537812756153,-0.530411480058,-0.565620409464,-0.569189646056,-0.532144274707,-0.487530274758,-0.576755807551,-0.473630878451,-0.547919198643,-0.587756603917,-0.602527127363,-0.400755603336,-0.425067770663,-0.416765168418,-0.652292133765,-0.40642069461,-0.482461557734,-0.596715772051,-0.673701545151,-0.559584373901,-0.578575681477,-0.55096233018,-0.474530527395,-0.562852203606,-0.572160820573,-0.503683622129,-0.526225043517,-0.542555639494
-0.588575648001,-0.606340797066,-0.489100379416,-0.484544139089,-0.515806937488,-0.514489339241,-0.606840734286,-0.444840663752,-0.451949263124,-0.48828953476,-0.611650283685,-0.59302437626,-0.545045265748,-0.436303495269,-0.531160102486,-0.411258285787,-0.677048853,-0.540184102557,-0.649438165066,-0.611899223696,-0.616492535264,-0.601205173146,-0.497293463539,-0.603452197238,-0.519790983942,-0.624911706371,-0.511390051386,-0.619543807555,-0.551230656631,-0.462330036009
-0.564827108588,-0.657980833477,-0.474558863394,-0.550458519381,-0.603914545451,-0.462934790089,-0.672816033683,-0.411031240719,-0.518713572217,-0.498246299887,-0.633634917855,-0.464488908873,-0.493268963125,-0.589113718709,-0.539849128275,-0.437201513388,-0.649592499349,-0.592137487759,-0.719517876654,-0.587404832219,-0.653794043709,-0.646660323517,-0.52773753153,-0.50578772023,-0.455159464743,-0.604091531839,-0.608875959981,-0.530439914026,-0.517143236611,-0.35870058176
-0.565710600836,-0.660532193539,-0.658026034142,-0.426007209749,-0.546459528738,-0.469754879842,-0.618604096171,-0.489834374767,-0.5977621157,-0.520781316841,-0.690914195835,-0.55387640316,-0.600159506809,-0.592975274028,-0.45322460902,-0.501571228727,-0.591416781837,-0.493747975888,-0.576933038619,-0.585431197066,-0.635044699774,-0.563691080415,-0.596650446823,-0.569040280763,-0.425528692767,-0.529804495348,-0.550057946349,-0.530621915064,-0.453861719265,-0.484144666971
-0.63453782006,-0.675435496044,-0.630176323047,-0.384566713326,-0.528145334873,-0.628287931382,-0.674129881193,-0.530569732533,-0.612370596353,-0.557274866554,-0.616710564594,-0.618109740997,-0.506923598003,-0.68137741507,-0.504903490053,-0.533699522231,-0.58472933838,-0.52974734246,-0.536223410238,-0.607700088687,-0.660201920426,-0.486420553917,-0.67522688681,-0.610342830028,-0.450362735098,-0.547858541568,-0.565391056359,-0.607527647998,-0.510118786947,-0.389756776321
-0.64185490254,-0.700698333878,-0.646848616317,-0.530291906569,-0.525470305042,-0.58265813587,-0.617241709816,-0.492116266251,-0.720720821335,-0.574381859501,-0.649284789228,-0.535180427755,-0.626629633463,-0.647031591941,-0.489056762134,-0.584963773125,-0.589975373636,-0.606155779975,-0.594596314378,-0.674990040064,-0.625487925769,-0.521730016027,-0.645706214772,-0.549876848309,-0.476697308259,-0.430423359313,-0.576697233586,-0.654035911033,-0.441389538584,-0.454469939899
-0.542857848607,-0.659865281111,-0.63206448635,-0.444496465407,-0.580660346846,-0.691167921054,-0.571834645313,-0.514359589646,-0.648938242964,-0.623447234075,-0.685054843021,-0.696507691647,-0.449919455414,-0.60844096576,-0.521068385503,-0.567173388198,-0.524527310018,-0.682120455715,-0.60888695131,-0.627309487219,-0.644965174706,-0.579326204287,-0.600938330004,-0.630731745012,-0.581660770498,-0.563843716409,-0.584996401849,-0.669961599999,-0.479259297146,-0.339479396239
-0.464989495355,-0.689465983387,-0.56375772153,-0.443192235782,-0.653988923826,-0.598110271624,-0.430771394952,-0.49380159648,-0.61903997943,-0.461966096834,-0.671318469309,-0.636650545137,-0.407811939098,-0.678283913472,-0.470742520174,-0.600985329401,-0.660618161609,-0.585062326962,-0.563802798507,-0.631756990791,-0.621095930919,-0.513001401408,-0.595144540778,-0.57193475684,-0.625281062847,-0.509884816285,-0.674255928224,-0.655885428299,-0.495581322562,-0.460365786553
-0.478608921399,-0.689006537446,-0.569995185404,-0.457918249173,-0.568717159188,-0.521109976825,-0.536307346192,-0.489345632914,-0.671450983237,-0.591116065399,-0.656986526087,-0.603804549625,-0.60806559075,-0.590648500133,-0.531749144946,-0.50832227175,-0.623209732775,-0.56480158464,-0.595177034666,-0.69964730127,-0.613830343787,-0.604878906561,-0.582638126295,-0.608634808131,-0.586679711233,-0.50172309377,-0.657032496439,-0.644153008387,-0.54210121214,-0.228043579002
-0.511470150436,-0.619417843538,-0.524665225925,-0.413889460533,-0.532950931586,-0.513140916605,-0.606232471728,-0.460742111093,-0.650766546658,-0.508297279284,-0.679383392109,-0.516415604843,-0.631825009456,-0.641228417756,-0.623800448597,-0.537195809559,-0.643407290604,-0.535047763003,-0.638768543883,-0.606559362805,-0.661530272767,-0.549364522716,-0.574550219484,-0.627119430782,-0.52764139447,-0.607863341929,-0.63446700936,-0.627606594659,-0.475066767222,-0.388720087727
-0.565562157295,-0.584779582917,-0.547277177479,-0.48675554246,-0.601141095931,-0.58800853328,-0.626408731038,-0.49762011573,-0.517261926242,-0.577029134435,-0.664621068631,-0.5746089298,-0.529441234727,-0.620762741665,-0.517044602146,-0.466118550367,-0.599658703468,-0.558132909171,-0.619578256657,-0.61874549492,-0.677530294256,-0.569210635685,-0.509410124618,-0.658292974338,-0.491262848236,-0.610119073195,-0.65359348493,-0.554439249871,-0.569035731654,-0.465895218565
-0.566228983862,-0.524499502313,-0.45415284795,-0.504312969389,-0.45107283202,-0.479024799802,-0.556886444769,-0.477946277589,-0.519948861806,-0.561640760716,-0.69919017555,-0.597726902372,-0.629215264214,-0.574754593225,-0.634007563288,-0.498092012649,-0.697320794194,-0.661559779051,-0.632309728634,-0.595717809805,-0.621694490709,-0.599940361898,-0.530497569283,-0.66840826142,-0.499542796367,-0.497423733042,-0.640531642018,-0.654695112754,-0.4653502814,-0.515352833277
-0.598828582665,-0.681154064082,-0.506236493196,-0.4916090542,-0.418956040395,-0.429113006201,-0.575379313872,-0.509053004526,-0.527087632286,-0.606214823244,-0.672559918983,-0.509984849466,-0.608127087366,-0.678093882769,-0.547327373313,-0.408805077725,-0.597991955369,-0.616022510358,-0.559894889091,-0.63820719138,-0.544532585552,-0.511592482396,-0.415952022496,-0.607151028609,-0.556007327394,-0.556466626558,-0.617848256787,-0.578699564435,-0.548937099871,-0.476495753008
-0.6262394436,-0.630568098413,-0.528072279042,-0.575458583723,-0.608894728283,-0.504281437157,-0.517009155302,-0.495462863995,-0.518425643314,-0.565689862649,-0.649851389819,-0.500214758809,-0.590419149682,-0.599372690151,-0.577947500349,-0.592533727185,-0.534077829773,-0.631913130483,-0.647159109039,-0.639112560685,-0.557462996464,-0.509364041546,-0.518985321323,-0.473118193206,-0.639885795375,-0.526257712718,-0.636606740157,-0.59383095404,-0.452227440752,-0.468176982954
-0.544033755576,-0.655291830249,-0.526756339816,-0.431334998745,-0.629773723288,-0.599797059485,-0.531686025356,-0.416734571871,-0.576628711315,-0.575819674309,-0.595074997855,-0.533992570741,-0.463297370019,-0.595980618998,-0.64696946762,-0.523921655354,-0.593163345504,-0.546820752315,-0.565089319631,-0.564701527322,-0.561573466635,-0.638594556132,-0.626969751558,-0.646039714423,-0.674155676702,-0.557004841853,-0.644787260612,-0.570541976268,-0.447563657667,-0.376357346578
-0.591552100343,-0.656320833585,-0.593190770371,-0.556584249553,-0.598554731494,-0.529624904083,-0.523436802313,-0.529030332134,-0.602334428216,-0.514749543147,-0.557035488504,-0.517267592638,-0.568495837052,-0.587739792116,-0.627594121609,-0.55078016365,-0.560475422454,-0.589238083384,-0.674993084479,-0.66496067875,-0.671967722048,-0.574560565364,-0.551510215125,-0.658131774582,-0.715467415674,-0.506118110719,-0.601892243564,-0.630740020993,-0.412844719097,-0.355167671796
-0.533831981415,-0.612612236385,-0.546486098545,-0.554489652355,-0.589467690704,-0.490657393235,-0.561249824087,-0.472863079966,-0.499808737749,-0.559549759468,-0.599312260652,-0.528677673773,-0.540155265471,-0.620627226198,-0.676664845123,-0.506209641279,-0.59029838812,-0.57639111479,-0.620032148437,-0.684878140614,-0.686803234299,-0.642750558512,-0.566875860758,-0.614335261974,-0.651782077079,-0.518319762562,-0.540664784008,-0.550661409413,-0.512256808106,-0.56597482452
-0.474830364878,-0.525334549934,-0.577439155229,-0.617393164244,-0.542068945952,-0.556236555278,-0.560111976253,-0.54051765076,-0.529770778772,-0.597301045198,-0.5625451511,-0.625107201667,-0.662348356068,-0.610216462733,-0.624806988767,-0.55191844592,-0.604100799676,-0.620999686252,-0.740199174733,-0.666226275328,-0.645779669374,-0.605892920173,-0.601871951261,-0.585921800585,-0.682667727163,-0.497862668142,-0.567699101798,-0.639175183506,-0.51767785246,-0.488390214906
-0.587849609631,-0.545922208912,-0.602913724294,-0.647035041032,-0.570104122765,-0.591057296733,-0.592765110975,-0.396555456042,-0.594884635462,-0.517003091143,-0.54738429848,-0.633659104876,-0.640371433821,-0.618206762562,-0.651554828241,-0.539156112602,-0.595277751769,-0.590910950679,-0.637307463824,-0.62361700996,-0.614189022363,-0.528881054645,-0.689486111314,-0.644835804924,-0.628020676831,-0.544971092207,-0.5865616642,-0.671447203152,-0.510842229799,-0.485954009969
-0.564606112956,-0.636060773194,-0.573801775808,-0.634376598573,-0.511327708439,-0.453808871653,-0.518820438401,-0.474434333931,-0.580521049068,-0.540756105104,-0.628133396624,-0.534743655592,-0.573229431455,-0.574803027112,-0.656019144551,-0.639039512631,-0.595410885754,-0.522759208121,-0.67586053481,-0.640406235496,-0.643774854195,-0.543001118214,-0.637046483992,-0.601436367691,-0.660571500464,-0.52256057394,-0.550788727409,-0.590200797646,-0.567899859723,-0.465778009716
-0.516054865748,-0.643032648263,-0.598416635287,-0.61547150981,-0.547111074,-0.489584777686,-0.523693170018,-0.586602014402,-0.625849462248,-0.526862058741,-0.611022486159,-0.504053633063,-0.478760030107,-0.601905979885,-0.614680809284,-0.593928948116,-0.488237429442,-0.573904993498,-0.503634357091,-0.604804827022,-0.669717389399,-0.642572237396,-0.651078788295,-0.618338323808,-0.697062866947,-0.461586183934,-0.674428499309,-0.598314650674,-0.561805661109,-0.475411867616
-0.372465942381,-0.69927403456,-0.585728654801,-0.554176725414,-0.565778048401,-0.443110752252,-0.49484738794,-0.551302930483,-0.612980420129,-0.510823209324,-0.509448693195,-0.581218560203,-0.565732307954,-0.652044503008,-0.578427686404,-0.570449853942,-0.61768489108,-0.580963790151,-0.556198620943,-0.660334391324,-0.646697735202,-0.593299519924,-0.58851840999,-0.598431298687,-0.633552046084,-0.55415435265,-0.613787871098,-0.607536138524,-0.523611433479,-0.474010215498
-0.461483444739,-0.640979356463,-0.566926718775,-0.574754854978,-0.522759915243,-0.432773433391,-0.682114923264,-0.541151140035,-0.630514000127,-0.561677628676,-0.583222322957,-0.578261949253,-0.549557885705,-0.608379199579,-0.536023290392,-0.622441252955,-0.604984611868,-0.628112510999,-0.608819118644,-0.713432006363,-0.593174611098,-0.626212777951,-0.594195261783,-0.695976487411,-0.689506898104,-0.540301842337,-0.558082240227,-0.545848793371,-0.535543836505,-0.440923980962
-0.47714402917,-0.587084965623,-0.598691767245,-0.609122631764,-0.678648719173,-0.478436209241,-0.667045753395,-0.616930141021,-0.617096917567,-0.575543157914,-0.50981916929,-0.540195627682,-0.610156871903,-0.560702101453,-0.489459555624,-0.562400874285,-0.616746373151,-0.61849409033,-0.575680971638,-0.587444491374,-0.61178603636,-0.671089485569,-0.605384198894,-0.689168638991,-0.637179951649,-0.550215889466,-0.530085812524,-0.554610004923,-0.576331706577,-0.44916051678
-0.50110131603,-0.586096711662,-0.545566706725,-0.594874302081,-0.542535370975,-0.489696586547,-0.546059717178,-0.598755748996,-0.670418420801,-0.568771288238,-0.564484015984,-0.591604936612,-0.587487066741,-0.534290532656,-0.594275076427,-0.539677537547,-0.6247708653,-0.559588925045,-0.60511415411,-0.57748816496,-0.644406795431,-0.599046549446,-0.566029854489,-0.661502665275,-0.609884944496,-0.535732089848,-0.697100598578,-0.491600144403,-0.521334524201,-0.439515775731
-0.36354518088,-0.629055424559,-0.47726406592,-0.630067232109,-0.621532258824,-0.568923103222,-0.579831647694,-0.560533582715,-0.667412988477,-0.597741999768,-0.551989816196,-0.528767812142,-0.665583273225,-0.547111624503,-0.591337012708,-0.584642878568,-0.59711272046,-0.580210847856,-0.572999998289,-0.660723283536,-0.571135674189,-0.598883242062,-0.621542277101,-0.597963478001,-0.629085837308,-0.394800715999,-0.587339835569,-0.588475699632,-0.503062275824,-0.417290255882
-0.55972576128,-0.691701484889,-0.443553891065,-0.627292413672,-0.590640013188,-0.554580514537,-0.536096499141,-0.578576714379,-0.70536308613,-0.593423858817,-0.532084342313,-0.503270733434,-0.622172960241,-0.643878486459,-0.53863838077,-0.589956025122,-0.652034417519,-0.624640569898,-0.63140835004,-0.611656142978,-0.505488008889,-0.629978910987,-0.582116876347,-0.625881491994,-0.526454467467,-0.481655998614,-0.613921536939,-0.617441810979,-0.516033793478,-0.399173609368
-0.597318606265,-0.620328331431,-0.525706863445,-0.599210593528,-0.510279679075,-0.483264865572,-0.576602732319,-0.552995371786,-0.597106674937,-0.572223796383,-0.482286351205,-0.581852995998,-0.556316512837,-0.642852120218,-0.573230165089,-0.653191227819,-0.613696683087,-0.603716677155,-0.651700743851,-0.640891201208,-0.53603869752,-0.626762750493,-0.547197433367,-0.644371020345,-0.689636101375,-0.531539047856,-0.657950385827,-0.605901633187,-0.578827252266,-0.346370202455
-0.497444714521,-0.549978143723,-0.553712404541,-0.506516718409,-0.661489873459,-0.554400116972,-0.522876570013,-0.495181816124,-0.580463248831,-0.495482653636,-0.511941316744,-0.480417240492,-0.5832670687,-0.663111905636,-0.621875261304,-0.556216475564,-0.561685048273,-0.57098837314,-0.540310554585,-0.551699540379,-0.65419895005,-0.457656301832,-0.552974964887,-0.594388672062,-0.708744191209,-0.542624062697,-0.647254386559,-0.702386890157,-0.540964124312,-0.559529104251
-0.591306338552,-0.656674915574,-0.461670648768,-0.672522180443,-0.623293102506,-0.527283317471,-0.457530250248,-0.583174916676,-0.662770751762,-0.420953302275,-0.484374854428,-0.446790317348,-0.596690299095,-0.612440845091,-0.700222586086,-0.624876845307,-0.603680141535,-0.628450273045,-0.669260985985,-0.549104066133,-0.519716185497,-0.550243785965,-0.524048989339,-0.594783928422,-0.662681794072,-0.398488958759,-0.550147129091,-0.603527125545,-0.539020524051,-0.46135520311
-0.560442940836,-0.671438010357,-0.507363767775,-0.647029948602,-0.549389843104,-0.477954424633,-0.595447930277,-0.494158956213,-0.64302376921,-0.461715680993,-0.565227914203,-0.585888070794,-0.573567717422,-0.561045376088,-0.536209229885,-0.53694391343,-0.64628504362,-0.638351265765,-0.569202899175,-0.639370435873,-0.554842291509,-0.665434599004,-0.57243080533,-0.627185094324,-0.58739005017,-0.535284667774,-0.539896783104,-0.675316474607,-0.580821045273,-0.360565365541
-0.580695267761,-0.513291584067,-0.530205559551,-0.698837166635,-0.539676185761,-0.538671153106,-0.316457074202,-0.552690309313,-0.645499139459,-0.434557711075,-0.466009658864,-0.553308693488,-0.636602265763,-0.531833266019,-0.593778439849,-0.489613355926,-0.575033456792,-0.63815174031,-0.573107142235,-0.548924498355,-0.493261159677,-0.622433129954,-0.581342031479,-0.576391560996,-0.639697830584,-0.44764817992,-0.602331053469,-0.698853471964,-0.443536626348,-0.513551292974
-0.685955802658,-0.581101873664,-0.477108378567,-0.698877839871,-0.617837698095,-0.455004704683,-0.532340859796,-0.650532473893,-0.536201541971,-0.505419642388,-0.551328244363,-0.529468368224,-0.625294773838,-0.564676284297,-0.547377390764,-0.533464159492,-0.484548324638,-0.598791267866,-0.481306779823,-0.636461419027,-0.674551451015,-0.680276770722,-0.593155967474,-0.645726532035,-0.656001457103,-0.501918826663,-0.673753845327,-0.59689479856,-0.611133749029,-0.409142583845
-0.656635749179,-0.507696181698,-0.413539126534,-0.63276489818,-0.488729621896,-0.488853866507,-0.522920385903,-0.62686183038,-0.630581798161,-0.41610318136,-0.562298240294,-0.50090828733,-0.649585552377,-0.6356128937,-0.595833643446,-0.658732199404,-0.534025403225,-0.643774691167,-0.496605425246,-0.613322473514,-0.674340817493,-0.567343151827,-0.580576760694,-0.622165181993,-0.672547249892,-0.61585932097,-0.548620917467,-0.687069150178,-0.563916758838,-0.446948243999
-0.659083147489,-0.685486958464,-0.443104712679,-0.56803902099,-0.428607414051,-0.357281161735,-0.451786130774,-0.53385377242,-0.656668617723,-0.55830844261,-0.51217877631,-0.551670021551,-0.569511721992,-0.525609068249,-0.59100953454,-0.703437819219,-0.501506183573,-0.652848967633,-0.67085776008,-0.513441957014,-0.675561130325,-0.604628544409,-0.54663153732,-0.655130360708,-0.657757494422,-0.503943772338,-0.644395968143,-0.615312266294,-0.589154229996,-0.533348031283
-0.624740795904,-0.667157379794,-0.532173661003,-0.523281102719,-0.482526376723,-0.485639759078,-0.539361578708,-0.55220184261,-0.689789831471,-0.518801282449,-0.639739942052,-0.507436221082,-0.5982889629,-0.595263295281,-0.590433376989,-0.665568562363,-0.59430095178,-0.590656991223,-0.612930444353,-0.553203994839,-0.674269407385,-0.607712864815,-0.449613286285,-0.563452280487,-0.700954826223,-0.603865176114,-0.605580307562,-0.56138735486,-0.519374263924,-0.47850231166
-0.606597858764,-0.547400963106,-0.589700952328,-0.519640754972,-0.475236401248,-0.542426777797,-0.512988398777,-0.627142684962,-0.65060708193,-0.566513009103,-0.561711120104,-0.596744909288,-0.62801804991,-0.603906680826,-0.589975184766,-0.681503193623,-0.660968133395,-0.617647611062,-0.654916661086,-0.629014549738,-0.662074125734,-0.598977811118,-0.479365535512,-0.662674181879,-0.619943343162,-0.621808870774,-0.449113324905,-0.686294590102,-0.541324546134,-0.629844946124
-0.621316121844,-0.522668601804,-0.572749521252,-0.576133272538,-0.510104138668,-0.560794955581,-0.554451965684,-0.63803322354,-0.666173338108,-0.515150344899,-0.548631632246,-0.420608982807,-0.620370291853,-0.549957990244,-0.510085250439,-0.654749992504,-0.65850916866,-0.669057666923,-0.671945485202,-0.623409484363,-0.619572159871,-0.566057040283,-0.512928821568,-0.647122839576,-0.702107618996,-0.620994152363,-0.5573236665,-0.686906281616,-0.478503635788,-0.606831771753
-0.577891659077,-0.624561331319,-0.600364210468,-0.5413414805,-0.60368993502,-0.463287013224,-0.585804963029,-0.51089914227,-0.508659399556,-0.488397206174,-0.564028960713,-0.543924355214,-0.714537680615,-0.568954101006,-0.598700028349,-0.636572825681,-0.616887987123,-0.66257673686,-0.658104230399,-0.721302218789,-0.532533527382,-0.529314937065,-0.530716863709,-0.617231019209,-0.628444722875,-0.619196482373,-0.592401293717,-0.659287682511,-0.496048639127,-0.631433880245
-0.593576762811,-0.643492199814,-0.587108596491,-0.543421588191,-0.59070000533,-0.618931002919,-0.560140614372,-0.490774149263,-0.585987816743,-0.513869435693,-0.50678691761,-0.575508274336,-0.665271727505,-0.52343549997,-0.612741245618,-0.58497112756,-0.671882832845,-0.58975130787,-0.659384435757,-0.619113543628,-0.653826807789,-0.540000281966,-0.56012445687,-0.677824071381,-0.634605852918,-0.486276728121,-0.563883122247,-0.565036639529,-0.512828577722,-0.584842515449
-0.530580185737,-0.64100564208,-0.604255125472,-0.528432137876,-0.479118534665,-0.576322075172,-0.637019542173,-0.50914556758,-0.5991803953,-0.528823292815,-0.473627558078,-0.576701270111,-0.649207436796,-0.565097242393,-0.605645755032,-0.593169058313,-0.569081944986,-0.553516061394,-0.668672472263,-0.686264051359,-0.527688113265,-0.597281294659,-0.51995192537,-0.630290150571,-0.672876136481,-0.49531319637,-0.553420157888,-0.626037440258,-0.581281171996,-0.594075155459
-0.56971420575,-0.662748949175,-0.612539983508,-0.52774176436,-0.42660974035,-0.555677422042,-0.555430055001,-0.565455345176,-0.617885187418,-0.518324339735,-0.459267719375,-0.559172693395,-0.598639045336,-0.624831766936,-0.603777200301,-0.531929611277,-0.605895207822,-0.641472553687,-0.642362562117,-0.687850494365,-0.601117507249,-0.657709512766,-0.490912245592,-0.580121710073,-0.644172324738,-0.363303141532,-0.466483352885,-0.608430837543,-0.57659678751,-0.488110634177
-0.517082892734,-0.664309487793,-0.606273518074,-0.524882809054,-0.51060406226,-0.548442650733,-0.575795639634,-0.60744450051,-0.674073755383,-0.509718791413,-0.57312200079,-0.543078388484,-0.657083273622,-0.502766054838,-0.608314576662,-0.602193905551,-0.642100441871,-0.548644357207,-0.640846473662,-0.611656497273,-0.615681923263,-0.584276410637,-0.589815690895,-0.527388190863,-0.611121655436,-0.543777898403,-0.554448685214,-0.594921290685,-0.589031784432,-0.533539896994
-0.628765144745,-0.629069000881,-0.570782629569,-0.49742216835,-0.582046175232,-0.515194607812,-0.571884129605,-0.667950834396,-0.591111766849,-0.567863475168,-0.671187632229,-0.587326759612,-0.608610349745,-0.577260126267,-0.593213080733,-0.550276719149,-0.662973709266,-0.554331562712,-0.699464526876,-0.626450382589,-0.595089592568,-0.625339376332,-0.53313254947,-0.667583253427,-0.679648761642,-0.598481046875,-0.537321170046,-0.650866775135,-0.589937224571,-0.449872270616
-0.640319183561,-0.587185418864,-0.594383971207,-0.582720998755,-0.529706042096,-0.559164073553,-0.545865727183,-0.685455683766,-0.638194658654,-0.504215612626,-0.617838299203,-0.671578217131,-0.58171274065,-0.571412396897,-0.554407020436,-0.544084661494,-0.622453313028,-0.615690716426,-0.687562567215,-0.650448064583,-0.597220366665,-0.662728396139,-0.423053770719,-0.605396525258,-0.630090944173,-0.583897536093,-0.587125311953,-0.632414554887,-0.716515963068,-0.428652573995
-0.612901846556,-0.619433758941,-0.702383681276,-0.553192444889,-0.599763710791,-0.589178301603,-0.591658914308,-0.63219249252,-0.623605774425,-0.493132321342,-0.617375727201,-0.645762812132,-0.615563611173,-0.586331471396,-0.538667823065,-0.602049712567,-0.639988124858,-0.591814329957,-0.688661273583,-0.660996147422,-0.572146393375,-0.618736116933,-0.501419700454,-0.57828198867,-0.621187074525,-0.451915368754,-0.520914827649,-0.53142674626,-0.629177565337,-0.539158488359
-0.643888891763,-0.660913980246,-0.636318053198,-0.632081130172,-0.48895043239,-0.624746315546,-0.559985845232,-0.624006009058,-0.556963552919,-0.385975286893,-0.528723768207,-0.640546342721,-0.514542716685,-0.49998606992,-0.466381217953,-0.604633492405,-0.574065382204,-0.557776186007,-0.646221698221,-0.654246089265,-0.685695258643,-0.597185722876,-0.483088304955,-0.668261282429,-0.61225111446,-0.547132278299,-0.5492247951,-0.596679450949,-0.678941213231,-0.526491253452
-0.692330385069,-0.685817451306,-0.606203275284,-0.580465468151,-0.535798655078,-0.647209769066,-0.552294012178,-0.525295171636,-0.618257649349,-0.576095775093,-0.514480112277,-0.609786938262,-0.488200726843,-0.557663129441,-0.599799157185,-0.693544261529,-0.654720729076,-0.622808131229,-0.675700353847,-0.631002520955,-0.679302388503,-0.666041269049,-0.560201137645,-0.500395784841,-0.571445053455,-0.546247345515,-0.488326497171,-0.645952689823,-0.601735000671,-0.532011740696
-0.703052646585,-0.620581554385,-0.622088601748,-0.538912961459,-0.519158296335,-0.645427715447,-0.551715051748,-0.576458276762,-0.585795041186,-0.529547574494,-0.607786264339,-0.534794566122,-0.46831496031,-0.574876192363,-0.592937205899,-0.542298292202,-0.645520346613,-0.616067082035,-0.627927391997,-0.615991401565,-0.667110669345,-0.627430009868,-0.604444760567,-0.651156001824,-0.630678697579,-0.618436910579,-0.586877828705,-0.562158882215,-0.611693223586,-0.490155270008
-0.639038919149,-0.637582722963,-0.598644915394,-0.604457615105,-0.515884390402,-0.595021431089,-0.608452268606,-0.549557506631,-0.520402036814,-0.446619482288,-0.572102582419,-0.600314321541,-0.5174539085,-0.589335234837,-0.61051733184,-0.614634635405,-0.656588827434,-0.610199796881,-0.657041747435,-0.651774356818,-0.611532809653,-0.660153033051,-0.649203335477,-0.605508146662,-0.608457866219,-0.559068152373,-0.671616658253,-0.504539115189,-0.631534060938,-0.528115127549
-0.587158664524,-0.656238135155,-0.551254370455,-0.566107860221,-0.500927927786,-0.514003536913,-0.536840777412,-0.550996420777,-0.569004198832,-0.466611367202,-0.607013059226,-0.587681218756,-0.637881543078,-0.585811025388,-0.600238774569,-0.633811983395,-0.62073955593,-0.546472580598,-0.630403574013,-0.642029793716,-0.50710402985,-0.660305253881,-0.650476139242,-0.646229147162,-0.686050059349,-0.528624963237,-0.656134976891,-0.54944649133,-0.569635737954,-0.583099014836
-0.613898207361,-0.685482249515,-0.583790167425,-0.511986165027,-0.550416664955,-0.431885726735,-0.435013321297,-0.597185568271,-0.524621179111,-0.546244225897,-0.5874161892,-0.689533548174,-0.654745500056,-0.612628157617,-0.589223949154,-0.645305212205,-0.605250304997,-0.659522660163,-0.62568006513,-0.684967481909,-0.579565019647,-0.609867758512,-0.548734690639,-0.608115008796,-0.646392426261,-0.510384344656,-0.611335113181,-0.578032308912,-0.676231553871,-0.49027054958
-0.652244400552,-0.616854398274,-0.534335421315,-0.607312299813,-0.591047943964,-0.577526576526,-0.561275366807,-0.612341247089,-0.58464823818,-0.561063756413,-0.630055551625,-0.623098338004,-0.615782807997,-0.572506577778,-0.586847111471,-0.633108755892,-0.607358855405,-0.605267940884,-0.680428195975,-0.591784136884,-0.596155785429,-0.594282807245,-0.619169633738,-0.584165338543,-0.635622712229,-0.504287804519,-0.547339766521,-0.66178936321,-0.50615640265,-0.498769358656
-0.63897009598,-0.602790498471,-0.551898171138,-0.594338374027,-0.527179172345,-0.574376870501,-0.625884832113,-0.530880456171,-0.503469583215,-0.621965125321,-0.633591782089,-0.652937883283,-0.50341511757,-0.525038077601,-0.492556461043,-0.571671063399,-0.571176466732,-0.692176491465,-0.656334742749,-0.632678861779,-0.649653915419,-0.695602736243,-0.556264831657,-0.597100256029,-0.639132660981,-0.59086227547,-0.674002416383,-0.58860592604,-0.57050830345,-0.502718396883
-0.653409804816,-0.575154722053,-0.527386580418,-0.672112981848,-0.507061163268,-0.588885794611,-0.59322738892,-0.633375615994,-0.555111515409,-0.542710367647,-0.576941604428,-0.630720328966,-0.622525032336,-0.5923505382,-0.499908313658,-0.591561213186,-0.608072403559,-0.630561268607,-0.575469783636,-0.664217485808,-0.606582947677,-0.542093984602,-0.498373298832,-0.675499017914,-0.711882234098,-0.661295481798,-0.602762627372,-0.661775232541,-0.546731910595,-0.476345387941
-0.649581590583,-0.590005732953,-0.636719982095,-0.623512661699,-0.447736672787,-0.529321864353,-0.471576991925,-0.593848225552,-0.594822133998,-0.526270480729,-0.480936990926,-0.616787478081,-0.507947005019,-0.572471432066,-0.513898685954,-0.647291817254,-0.587592885576,-0.60169447269,-0.587567072361,-0.564587658012,-0.593665422018,-0.564638777092,-0.535084409499,-0.614846927556,-0.619786244649,-0.683864651868,-0.636129482085,-0.699526355261,-0.51184630887,-0.469109485224
-0.705329140739,-0.6548111104,-0.633544159684,-0.683861277443,-0.379765017269,-0.589066983339,-0.457861095416,-0.590536718323,-0.611276918025,-0.575813603199,-0.60133101287,-0.623716592711,-0.519059168018,-0.565460868938,-0.521722480132,-0.666428565785,-0.617090376687,-0.614495964245,-0.673225689942,-0.609582961399,-0.645207320669,-0.637889633498,-0.720197181002,-0.617094386904,-0.673337991594,-0.677143209359,-0.629154481387,-0.668206467927,-0.563798693831,-0.529920804092
-0.641409662259,-0.590527549493,-0.632991680785,-0.589945760589,-0.52501466055,-0.679364658935,-0.443374397161,-0.573933679271,-0.569037815387,-0.531607664164,-0.614315181966,-0.60316140353,-0.578803476017,-0.492797531467,-0.486666081127,-0.717574932945,-0.56195306699,-0.572041834679,-0.716633968865,-0.655470627572,-0.606955643037,-0.54516514212,-0.685823035567,-0.582323327339,-0.596660292102,-0.688025331402,-0.562492264038,-0.698407115428,-0.494615269128,-0.546722012605
-0.655686901344,-0.616850266278,-0.649055381434,-0.597163349189,-0.545890550123,-0.645943017302,-0.601483868895,-0.622666831176,-0.568812030859,-0.432436995709,-0.615825476805,-0.578989127893,-0.611957374287,-0.580583050011,-0.515890965323,-0.690673657028,-0.504876318001,-0.649173041701,-0.650888387928,-0.555310590061,-0.643166251102,-0.578397736297,-0.63811412117,-0.608225659173,-0.549834486876,-0.681391691428,-0.544290481459,-0.618774715058,-0.542088730036,-0.59557914713
