29.0666666667
28.4333333333
27.7666666667
27.2333333333
26.7
26.1333333333
25.6666666667
25.2666666667
25.0
24.6333333333
24.3
24.0333333333
23.6
23.4666666667
23.3666666667
23.0
22.6333333333
22.4666666667
22.3
22.1333333333
21.9333333333
21.8333333333
21.7
21.6333333333
21.4333333333
21.3666666667
21.2666666667
21.1666666667
21.1
21.0333333333
20.9333333333
20.8333333333
20.7333333333
20.7333333333
20.6333333333
20.6
20.6
20.5666666667
20.5666666667
20.5333333333
20.5666666667
20.5
20.4666666667
20.4333333333
20.4333333333
20.4333333333
20.4333333333
20.4333333333
20.2666666667
20.2333333333
20.1666666667
20.1666666667
20.1
20.0666666667
20.0666666667
20.0333333333
19.9666666667
19.9666666667
19.9333333333
19.9333333333
19.9
19.9
19.9
19.8666666667
19.8666666667
19.8333333333
19.7666666667
19.7666666667
19.7333333333
19.7
19.7
19.7
19.7
19.6666666667
19.6666666667
19.6666666667
19.6666666667
19.6333333333
19.6
19.5666666667
19.5333333333
19.5333333333
19.5333333333
19.5
19.5
19.4666666667
19.4666666667
19.4666666667
19.4666666667
19.4333333333
19.4
19.4
19.4
19.3666666667
19.3333333333
19.3333333333
19.3333333333
19.3666666667
19.3333333333
19.3333333333
