29.3666666667
29.0666666667
28.9666666667
28.9
28.6666666667
28.5666666667
28.4
28.2333333333
28.0666666667
27.9666666667
27.8666666667
27.7
27.6
27.3666666667
27.3666666667
27.2
26.9666666667
26.8
26.7
26.6
26.5
26.3
26.1333333333
25.9666666667
25.9
25.8666666667
25.6666666667
25.5333333333
25.3333333333
25.1666666667
25.1333333333
24.9666666667
24.8666666667
24.6666666667
24.5333333333
24.4333333333
24.3333333333
24.1333333333
24.0666666667
24.0333333333
23.9
23.7333333333
23.5333333333
23.3666666667
23.2333333333
23.1666666667
23.0333333333
23.0
22.9666666667
22.8
22.5333333333
22.5
22.3666666667
22.2
22.0666666667
21.9666666667
21.9333333333
21.9
21.8333333333
21.7
21.7
21.4666666667
21.2666666667
21.1666666667
21.1
21.0333333333
20.9333333333
20.8
20.7
20.5666666667
20.5
20.2666666667
20.2333333333
20.1333333333
20.0333333333
20.0
19.9333333333
19.8666666667
19.6666666667
19.5333333333
19.4333333333
19.3666666667
19.2666666667
19.2666666667
19.2
19.2
19.0666666667
18.9666666667
18.8333333333
18.7666666667
18.7
18.6
18.5666666667
18.4
18.3333333333
18.3
18.2333333333
18.1333333333
18.0666666667
18.0
