13.7
13.1
12.4666666667
11.8333333333
11.1666666667
10.5666666667
10.0
9.6
9.1
8.73333333333
8.33333333333
7.9
7.66666666667
7.4
7.2
7.13333333333
7.06666666667
6.93333333333
6.9
6.83333333333
6.9
6.86666666667
6.93333333333
6.96666666667
6.83333333333
6.9
6.93333333333
6.96666666667
6.9
7.0
6.93333333333
6.93333333333
6.96666666667
6.96666666667
7.03333333333
7.03333333333
7.03333333333
7.0
7.03333333333
7.06666666667
7.1
7.1
7.16666666667
7.2
7.36666666667
7.33333333333
7.46666666667
7.6
7.76666666667
7.9
8.03333333333
8.23333333333
8.2
8.23333333333
8.43333333333
8.33333333333
8.46666666667
8.43333333333
8.3
8.16666666667
8.0
7.93333333333
7.73333333333
7.56666666667
7.4
7.36666666667
7.23333333333
7.16666666667
7.1
7.2
7.1
7.03333333333
6.93333333333
7.0
7.06666666667
7.03333333333
7.0
6.93333333333
7.0
6.96666666667
6.96666666667
7.13333333333
7.2
7.16666666667
7.26666666667
7.26666666667
7.3
7.53333333333
7.66666666667
7.7
7.93333333333
8.1
8.03333333333
8.0
8.03333333333
7.96666666667
7.93333333333
7.76666666667
7.63333333333
7.66666666667
