27.2651851852
27.4154814815
27.5673333333
27.7199259259
27.8882962963
28.0155555556
28.0702962963
28.0525185185
28.0888888889
28.194
28.1657037037
28.2308888889
28.1927407407
28.2063703704
28.1685925926
28.2014074074
28.1865185185
28.1396296296
28.0885185185
28.1554814815
28.1002962963
28.1128888889
28.0543703704
28.0455555556
28.082
28.0096296296
28.074
27.9919259259
28.0004444444
27.998
28.0056296296
27.9654074074
27.9296296296
27.9248148148
28.0005185185
27.9763703704
27.9924444444
28.0293333333
27.9577037037
27.9758518519
28.0055555556
27.9920740741
28.0178518519
28.0899259259
28.0244444444
28.056
28.0095555556
28.0695555556
28.0775555556
28.0803703704
28.1017777778
28.0487407407
28.038
28.0625925926
28.0745925926
28.0112592593
28.0192592593
28.0085925926
28.0547407407
27.9742962963
27.9691851852
28.0359259259
27.9733333333
27.9521481481
27.9787407407
28.055037037
28.0334074074
28.018962963
27.9605925926
28.0125925926
27.9723703704
27.9340740741
27.9914074074
27.9835555556
27.9366666667
27.9781481481
27.9433333333
27.9665925926
27.9513333333
27.9902962963
28.0259259259
27.9821481481
27.9632592593
27.9391851852
27.9944444444
27.9338518519
27.9631111111
27.9931111111
28.006962963
27.962962963
27.9758518519
28.0200740741
27.9845925926
27.9947407407
28.0155555556
28.0486666667
27.981037037
27.9908888889
27.972962963
27.9411111111
