30.9077777778
31.2433333333
30.8144444444
30.5333333333
30.0922222222
29.7455555556
29.5377777778
29.2377777778
28.8811111111
28.7922222222
28.7766666667
28.6855555556
28.5722222222
28.6777777778
28.47
28.4055555556
28.5877777778
28.36
28.3655555556
28.4411111111
28.22
28.1133333333
27.9677777778
27.9744444444
27.7666666667
27.6755555556
27.6711111111
27.6611111111
27.4833333333
27.4022222222
27.49
27.4577777778
27.3211111111
27.38
27.4466666667
27.4566666667
27.42
27.4355555556
27.4211111111
27.5588888889
27.6122222222
27.5266666667
27.4588888889
27.3722222222
27.2644444444
27.37
27.38
27.3888888889
27.4122222222
27.3344444444
27.3011111111
27.0755555556
27.2544444444
27.0888888889
27.1055555556
26.9866666667
27.19
27.1844444444
27.2544444444
27.1822222222
26.9622222222
26.93
27.02
27.0888888889
27.1222222222
27.1533333333
27.0111111111
26.9944444444
27.0077777778
27.1422222222
27.1077777778
27.0233333333
26.9477777778
26.8844444444
26.9366666667
26.9911111111
27.0177777778
27.0933333333
27.1766666667
26.8433333333
26.7688888889
26.8055555556
26.84
26.8188888889
26.8644444444
27.0111111111
26.9222222222
26.6266666667
26.7522222222
26.8788888889
26.7755555556
26.8422222222
26.8722222222
26.8677777778
26.8433333333
26.7622222222
26.7277777778
26.75
26.7322222222
26.7355555556
