21.5916931217
20.1124338624
19.1727513228
18.396031746
17.8037037037
17.3146031746
17.0055555556
16.7404761905
16.3004232804
16.1271957672
15.9307936508
15.7664021164
15.5144444444
15.4696825397
15.270952381
15.129047619
15.1560846561
15.0640740741
14.8750793651
14.7619047619
14.7773015873
14.5967724868
14.5808465608
14.4106878307
14.2634391534
14.2331746032
14.4678835979
14.4431216931
14.2544973545
14.2295767196
14.0825396825
13.9485714286
13.9016931217
14.0797883598
14.0362962963
14.0077777778
13.9001587302
13.7548677249
13.8198412698
13.7412698413
13.8274603175
13.6976190476
13.7226455026
13.8214814815
13.6261375661
13.5405820106
13.7210582011
13.6968253968
13.6057671958
13.5895238095
13.5517989418
13.6135978836
13.5158201058
13.4602645503
13.5147619048
13.6838095238
13.557989418
13.5514285714
13.5086243386
13.4643386243
13.3820634921
13.4825396825
13.4422222222
13.3538095238
13.4961375661
13.4738624339
13.4373544974
13.2376719577
13.3203174603
13.1964550265
13.3460846561
13.3785714286
13.3869312169
13.4695767196
13.3185185185
13.3439153439
13.3788359788
13.38
13.2419047619
13.3588888889
13.3314814815
13.1874603175
13.3627513228
13.4541798942
13.4398941799
13.3125396825
13.2737037037
13.4565608466
13.4752910053
13.4243915344
13.2526455026
13.2433333333
13.2995238095
13.2779365079
13.3461904762
13.3333333333
13.2401058201
13.2577777778
13.196984127
13.2257142857
