25.1422222222
23.1822222222
21.7133333333
20.6133333333
19.7044444444
18.9666666667
18.3444444444
17.8
17.2288888889
16.8222222222
16.4444444444
16.1466666667
15.8933333333
15.6333333333
15.4311111111
15.2133333333
15.0
14.7733333333
14.6533333333
14.5222222222
14.3644444444
14.1888888889
14.1288888889
14.0044444444
13.9155555556
13.8022222222
13.7088888889
13.6311111111
13.5133333333
13.46
13.3955555556
13.2888888889
13.2288888889
13.1155555556
13.0333333333
12.9866666667
12.9311111111
12.8688888889
12.8577777778
12.8
12.7911111111
12.7444444444
12.6755555556
12.5933333333
12.5666666667
12.5088888889
12.4711111111
12.4688888889
12.4355555556
12.3444444444
12.3622222222
12.3155555556
12.3266666667
12.24
12.2422222222
12.2066666667
12.2133333333
12.1422222222
12.14
12.0933333333
12.1422222222
12.1355555556
12.06
12.0422222222
12.0177777778
12.0311111111
12.0355555556
12.0244444444
11.9711111111
11.9688888889
11.9355555556
11.9444444444
11.9177777778
11.9088888889
11.8977777778
11.8911111111
11.8822222222
11.8733333333
11.8355555556
11.7977777778
11.8622222222
11.8111111111
11.8422222222
11.8422222222
11.84
11.8066666667
11.76
11.7644444444
11.7422222222
11.7333333333
11.7466666667
11.7355555556
11.7266666667
11.7133333333
11.7133333333
11.68
11.6777777778
11.6511111111
11.6022222222
11.6577777778
