11.3778980759
10.0079979947
8.91752563038
8.02274078651
7.34813931885
6.77985572037
6.27199826484
5.79974684583
5.34769135386
4.95743559879
4.6547958592
4.29434487439
3.96560957517
3.69430141004
3.40593710831
3.20992302026
3.00950673352
2.82424776789
2.6385573486
2.47333354679
2.32315316837
2.16219219713
2.01271054298
1.86958003877
1.76261127861
1.64576092799
1.52648138626
1.41809891236
1.31302893496
1.21171569979
1.10755726107
1.01230594702
0.925471075665
0.847353781172
0.776593465079
0.704199585341
0.650395908343
0.590813688594
0.545827507553
0.495973993091
0.450568012155
0.391085908476
0.351341070665
0.301782774351
0.26301107116
0.226922073142
0.189028724948
0.155557170493
0.125784202738
0.0855911665636
0.0545427832088
0.0228762210674
-0.00731276627498
-0.0340498810572
-0.0587157763634
-0.085859834963
-0.105628903547
-0.127763481886
-0.153794830877
-0.172316778002
-0.194616165832
-0.209848879275
-0.224371605048
-0.240534025177
-0.253803294645
-0.269430789884
-0.283072096055
-0.29657936997
-0.312025124781
-0.325086157712
-0.339383889474
-0.352492787168
-0.365153268005
-0.374208898229
-0.384614247607
-0.39561565872
-0.404465698418
-0.414781712872
-0.424533296841
-0.436739706666
-0.444269310224
-0.45372419119
-0.46174310584
-0.470550555917
-0.47888959364
-0.488384785863
-0.495426211482
-0.503557676751
-0.511810124361
-0.518484268178
-0.523836373918
-0.52980626466
-0.535792405723
-0.542380075654
-0.547409742586
-0.553917704259
-0.558625611283
-0.563947567654
-0.568608672963
-0.573269368837
