26.6733333333
26.1244444444
25.6333333333
25.1533333333
24.7911111111
24.3844444444
24.0511111111
23.7311111111
23.46
23.1822222222
22.96
22.7111111111
22.5088888889
22.3222222222
22.1311111111
21.9666666667
21.8088888889
21.7088888889
21.58
21.4444444444
21.3133333333
21.22
21.1222222222
21.0355555556
20.9466666667
20.8511111111
20.7955555556
20.7244444444
20.6555555556
20.5866666667
20.5355555556
20.4577777778
20.3822222222
20.34
20.3022222222
20.2755555556
20.2488888889
20.2177777778
20.1933333333
20.1622222222
20.1444444444
20.1022222222
20.0933333333
20.0577777778
20.0355555556
20.0111111111
19.9888888889
19.96
19.9311111111
19.9022222222
19.8866666667
19.8533333333
19.8311111111
19.8133333333
19.7977777778
19.78
19.78
19.7644444444
19.7511111111
19.7311111111
19.72
19.7022222222
19.6933333333
19.6733333333
19.6666666667
19.6577777778
19.64
19.6377777778
19.6355555556
19.6222222222
19.6177777778
19.6088888889
19.6111111111
19.6044444444
19.5955555556
19.5844444444
19.5777777778
19.5755555556
19.5644444444
19.5533333333
19.5511111111
19.5466666667
19.5422222222
19.5266666667
19.5155555556
19.5022222222
19.4955555556
19.4844444444
19.48
19.4711111111
19.4666666667
19.4622222222
19.4555555556
19.4511111111
19.4444444444
19.4355555556
19.4355555556
19.4377777778
19.4355555556
19.44
