26.8577777778
25.8977777778
24.2266666667
22.1644444444
20.0511111111
18.1177777778
16.5577777778
15.3511111111
14.5088888889
13.8866666667
13.48
13.2555555556
13.1266666667
12.9955555556
12.96
12.9022222222
12.8933333333
12.8866666667
12.8666666667
12.88
12.8644444444
12.8733333333
12.8577777778
12.8444444444
12.8333333333
12.8466666667
12.8444444444
12.8222222222
12.8133333333
12.8511111111
12.8333333333
12.8266666667
12.8333333333
12.8555555556
12.8466666667
12.8222222222
12.8311111111
12.8244444444
12.8066666667
12.8177777778
12.8222222222
12.8133333333
12.8111111111
12.8177777778
12.8222222222
12.8266666667
12.8222222222
12.8022222222
12.8
12.8222222222
12.7911111111
12.7755555556
12.7866666667
12.8066666667
12.8155555556
12.8088888889
12.78
12.8133333333
12.7844444444
12.8088888889
12.7777777778
12.8
12.7977777778
12.7822222222
12.7711111111
12.8066666667
12.7933333333
12.7911111111
12.7844444444
12.7577777778
12.7844444444
12.7755555556
12.7866666667
12.7777777778
12.78
12.7888888889
12.8022222222
12.7777777778
12.8
12.7911111111
12.7822222222
12.7844444444
12.7844444444
12.7711111111
12.7733333333
12.7755555556
12.7844444444
12.7711111111
12.78
12.7777777778
12.7866666667
12.7688888889
12.7711111111
12.7822222222
12.7888888889
12.7844444444
12.7822222222
12.7688888889
12.7911111111
12.7866666667
