18.8666666667
21.3333333333
22.8666666667
24.0
24.7
25.5333333333
25.9666666667
26.3666666667
26.6666666667
26.9333333333
27.2666666667
27.3666666667
27.4666666667
27.5
27.5333333333
27.5666666667
27.6666666667
27.7666666667
27.8
27.9333333333
27.9666666667
28.0
28.0
27.9666666667
28.1333333333
28.1
28.2666666667
28.1666666667
28.2333333333
28.3333333333
28.2333333333
28.2
28.3333333333
28.2666666667
28.3
28.3
28.2333333333
28.3
28.2666666667
28.3
28.2
28.1
28.1666666667
28.1333333333
28.0333333333
27.8666666667
27.8333333333
27.7666666667
27.8
27.6666666667
27.5333333333
27.7
27.9333333333
27.8666666667
27.7333333333
27.8
27.8
27.7
27.7666666667
27.6666666667
27.5333333333
27.5333333333
27.4333333333
27.4333333333
27.6
27.4333333333
27.5
27.5
27.5333333333
27.4
27.4333333333
27.4666666667
27.5333333333
27.5
27.4333333333
27.5
27.3
27.2666666667
27.3666666667
27.4666666667
27.4333333333
27.2666666667
27.0666666667
27.1
27.1666666667
27.2666666667
27.2666666667
27.2666666667
27.2
27.2333333333
27.1666666667
27.2333333333
27.1333333333
27.1
27.1666666667
27.1
26.9666666667
27.0333333333
27.0
26.9666666667
