27.8
26.4666666667
25.4333333333
24.4666666667
23.8333333333
23.1666666667
22.6666666667
22.1333333333
21.4666666667
20.9333333333
20.6333333333
19.9
19.4333333333
18.9333333333
18.5333333333
18.3666666667
17.7666666667
17.4666666667
17.3
16.8333333333
16.5333333333
16.2666666667
15.9333333333
15.7
15.4
15.1
14.8333333333
14.6333333333
14.3333333333
14.1666666667
13.8666666667
13.5
13.3
13.1
12.8
12.6
12.4666666667
12.2
12.0666666667
12.0
11.8666666667
11.6333333333
11.5
11.2333333333
11.1
10.9666666667
10.8333333333
10.6
10.5333333333
10.3333333333
10.1666666667
10.0
9.83333333333
9.83333333333
9.76666666667
9.7
9.43333333333
9.3
9.23333333333
9.13333333333
9.03333333333
9.06666666667
8.83333333333
8.8
8.7
8.7
8.56666666667
8.53333333333
8.46666666667
8.5
8.43333333333
8.36666666667
8.23333333333
8.13333333333
8.1
8.1
8.06666666667
7.93333333333
7.96666666667
7.83333333333
7.8
7.73333333333
7.73333333333
7.73333333333
7.73333333333
7.63333333333
7.6
7.56666666667
7.5
7.43333333333
7.4
7.36666666667
7.36666666667
7.33333333333
7.36666666667
7.33333333333
7.36666666667
7.33333333333
7.33333333333
7.23333333333
