27.466
27.5983703704
27.72
27.8172592593
27.8925925926
27.986
28.0505925926
28.1052592593
28.1867407407
28.24
28.2565925926
28.2956296296
28.3484444444
28.3725925926
28.3924444444
28.434
28.4763703704
28.5055555556
28.5147407407
28.5257037037
28.5458518519
28.5754814815
28.5745185185
28.579037037
28.5808888889
28.5839259259
28.5796296296
28.6191851852
28.618962963
28.6295555556
28.6405185185
28.6439259259
28.6402962963
28.6531111111
28.6574074074
28.6694074074
28.6675555556
28.6756296296
28.6842962963
28.6856296296
28.6872592593
28.6808888889
28.6827407407
28.6797037037
28.6727407407
28.686962963
28.7125925926
28.6838518519
28.6952592593
28.6868148148
28.6802222222
28.6998518519
28.6993333333
28.702
28.6956296296
28.6934074074
28.6843703704
28.6771111111
28.6926666667
28.6906666667
28.699037037
28.6854814815
28.6945925926
28.6966666667
28.6899259259
28.6877037037
28.6722962963
28.6888888889
28.6997777778
28.6884444444
28.6842222222
28.6756296296
28.6794074074
28.6762222222
28.6703703704
28.6741481481
28.6828888889
28.6740740741
28.6695555556
28.6568888889
28.67
28.6656296296
28.6693333333
28.6645185185
28.6647407407
28.6640740741
28.651037037
28.6523703704
28.6682222222
28.6620740741
28.6556296296
28.6625185185
28.6671111111
28.6651111111
28.6694814815
28.6711851852
28.6785185185
28.6767407407
28.6814814815
28.6922962963
