10.8077364222
10.0182537921
8.52173647086
6.48736702282
4.41980596895
2.75062888072
1.58190979704
0.848820290609
0.446772465983
0.210421877174
0.105207692358
0.0503578736471
0.0202622567293
0.00314457251254
-0.0108775501845
-0.0213457866594
-0.0265831264985
-0.0284942278127
-0.0303632478631
-0.0316127751723
-0.0324816940598
-0.0326374398609
-0.0334814855328
-0.0340980077818
-0.0343412807711
-0.0343973792979
-0.0368318389255
-0.038926264983
-0.0397595816284
-0.0409338185039
-0.0412372927952
-0.0413163612343
-0.0421308159489
-0.0424392109269
-0.0424392109269
-0.0424392109269
-0.0424392109269
-0.0425453171229
-0.0430205356282
-0.0432581448808
-0.0432977464229
-0.043337347965
-0.0434165510493
-0.0434957541335
-0.0434957541335
-0.0435353556756
-0.0435479491407
-0.0435756547639
-0.043588248229
-0.043588248229
-0.043593285615
-0.043593285615
-0.0436379245432
-0.0436429619292
-0.0436901195504
-0.0437297210925
-0.0437297210925
-0.0437297210925
-0.0437297210925
-0.0437693226346
-0.0437693226346
-0.0437693226346
-0.0437693226346
-0.0437693226346
-0.0437693226346
-0.0437693226346
-0.0437693226346
-0.0437693226346
-0.0437693226346
-0.0437693226346
-0.0437693226346
-0.0437693226346
-0.0437693226346
-0.0437693226346
-0.0437693226346
-0.0437693226346
-0.0437693226346
-0.0437693226346
-0.0438081660203
-0.0444685035774
-0.0447404072774
-0.044857695591
-0.0448965389767
-0.0449353823624
-0.0449353823624
-0.0449353823624
-0.0449353823624
-0.0449353823624
-0.0449353823624
-0.0449353823624
-0.0449353823624
-0.0449353823624
-0.0449742257481
-0.0449742257481
-0.0449742257481
-0.0449742257481
-0.0449742257481
-0.0449742257481
-0.0449742257481
-0.0449742257481
