21.846031746031745,21.8936507936508,22.644444444444442,21.882539682539694,21.639682539682546,21.565079365079367,21.361904761904764,21.833333333333332,20.495238095238097,22.253968253968257,21.42857142857143,21.611111111111118,21.511111111111113,22.017460317460326,21.620634920634924,21.820634920634927,22.16031746031747,20.77777777777778,21.23650793650794,21.461904761904762,22.144444444444453,21.87142857142857,21.444444444444446,21.90952380952381,20.774603174603183,21.793650793650794,20.826984126984126,20.774603174603172,21.83809523809523,21.666666666666664
21.1952380952381,21.338095238095242,21.976190476190474,21.400000000000002,20.977777777777778,21.187301587301587,20.982539682539684,21.21269841269841,19.78888888888889,21.095238095238095,20.373015873015877,20.76507936507937,20.83174603174604,21.734920634920634,21.260317460317463,20.87936507936508,21.78888888888889,20.36666666666667,20.884126984126986,20.83333333333333,21.84285714285715,21.24444444444445,20.55873015873016,20.855555555555558,20.236507936507937,21.207936507936505,20.268253968253966,20.061904761904756,21.1984126984127,21.103174603174597
20.92539682539683,20.950793650793653,21.520634920634915,21.199999999999996,20.36507936507937,20.3031746031746,20.46825396825397,20.76825396825397,19.507936507936513,20.893650793650796,19.966666666666665,20.192063492063493,20.55555555555556,21.32857142857143,20.72380952380952,20.460317460317466,21.282539682539678,19.98571428571428,20.45873015873016,20.461904761904762,20.982539682539688,20.67619047619048,19.8968253968254,20.115873015873017,20.050793650793647,20.75555555555555,20.19047619047619,19.574603174603176,20.71746031746032,20.539682539682534
20.633333333333336,20.811111111111114,20.59365079365079,20.38730158730159,19.804761904761904,20.003174603174603,20.06031746031746,20.160317460317458,19.18253968253968,20.493650793650797,19.760317460317463,19.75714285714286,20.3015873015873,21.05555555555555,20.3968253968254,20.07936507936508,21.00952380952381,19.688888888888883,20.269841269841276,20.08888888888889,20.73809523809524,20.44285714285714,19.598412698412698,19.752380952380953,19.60793650793651,20.39999999999999,20.069841269841273,19.17936507936508,19.933333333333337,19.960317460317455
20.31428571428571,20.614285714285714,20.506349206349203,20.249206349206354,19.48571428571428,19.671428571428567,19.852380952380955,19.78095238095238,18.9031746031746,20.133333333333336,19.665079365079364,19.612698412698418,19.68412698412698,20.963492063492062,19.677777777777774,19.919047619047618,20.45079365079365,19.322222222222216,19.861904761904764,19.8968253968254,20.46031746031746,20.0984126984127,19.322222222222226,19.420634920634924,19.388888888888893,20.26031746031746,19.952380952380953,18.725396825396828,19.42063492063492,19.33333333333333
20.03174603174603,20.319047619047623,20.112698412698414,19.94603174603175,19.21111111111111,19.485714285714284,19.78412698412699,19.523809523809526,18.71269841269841,19.579365079365083,19.425396825396827,19.558730158730167,19.406349206349205,20.75873015873015,19.407936507936505,19.793650793650798,19.96984126984127,18.879365079365076,19.39999999999999,19.663492063492065,19.974603174603182,19.887301587301593,19.088888888888892,18.966666666666665,19.042857142857144,20.101587301587294,19.811111111111114,18.33492063492064,19.171428571428567,19.096825396825395
19.817460317460316,19.996825396825393,19.97142857142857,19.78888888888889,19.05079365079365,19.242857142857144,19.78412698412699,19.236507936507937,18.25714285714286,19.2952380952381,19.29047619047619,19.26190476190477,19.114285714285707,20.506349206349203,19.028571428571425,19.560317460317457,19.65555555555556,18.738095238095234,19.13968253968254,19.350793650793648,19.757142857142867,19.660317460317458,18.873015873015877,18.59206349206349,18.966666666666665,19.677777777777774,19.50952380952381,18.190476190476197,18.601587301587305,18.606349206349204
19.42857142857143,19.73809523809524,19.696825396825396,19.67301587301587,18.93968253968254,19.10793650793651,19.5968253968254,19.231746031746027,18.093650793650788,19.155555555555555,18.963492063492065,19.03333333333334,18.94444444444444,20.38730158730158,18.807936507936507,19.353968253968254,19.387301587301586,18.738095238095234,18.95238095238095,19.306349206349203,19.619047619047628,19.638095238095236,18.66349206349206,18.288888888888888,18.877777777777784,19.565079365079367,19.100000000000005,18.123809523809527,18.417460317460318,18.46666666666666
19.207936507936505,19.4984126984127,19.493650793650794,19.557142857142857,18.634920634920636,19.014285714285716,19.331746031746036,19.15714285714285,17.815873015873017,18.950793650793653,18.87777777777778,18.965079365079372,18.734920634920627,20.27619047619047,18.57619047619048,19.128571428571433,19.08888888888889,18.666666666666664,18.880952380952376,19.239682539682544,19.319047619047627,19.56031746031746,18.590476190476185,18.15396825396825,18.830158730158736,19.398412698412695,18.901587301587305,18.030158730158732,18.304761904761907,18.330158730158725
19.160317460317458,19.44920634920635,19.425396825396824,19.45873015873016,18.42857142857143,18.99365079365079,19.265079365079366,19.060317460317457,17.753968253968253,18.861904761904764,18.693650793650797,18.87301587301588,18.574603174603165,20.039682539682534,18.384126984126983,18.919047619047625,18.95873015873016,18.411111111111104,18.67142857142857,19.147619047619045,19.27142857142858,19.425396825396827,18.439682539682533,17.98730158730159,18.604761904761908,19.169841269841275,18.85079365079366,17.84126984126984,18.02857142857143,18.21269841269841
18.88571428571429,19.42063492063492,19.26190476190476,19.27142857142857,18.42857142857143,18.99365079365079,18.984126984126984,18.81111111111111,17.703174603174602,18.69206349206349,18.50634920634921,18.796825396825405,18.369841269841263,19.94920634920635,18.334920634920636,18.82698412698413,18.77777777777778,18.206349206349202,18.576190476190472,19.05396825396825,19.038095238095245,19.4,18.303174603174604,17.657142857142855,18.56031746031746,19.014285714285712,18.755555555555564,17.73174603174603,17.93650793650794,18.06349206349206
18.795238095238098,19.246031746031743,19.188888888888886,19.27142857142857,18.384126984126983,18.871428571428574,18.846031746031745,18.650793650793652,17.652380952380955,18.642857142857142,18.276190476190475,18.677777777777784,18.260317460317456,19.757142857142856,18.193650793650797,18.768253968253973,18.54761904761905,18.04285714285714,18.52539682539683,18.85714285714285,18.94603174603175,19.174603174603174,18.276190476190475,17.41587301587302,18.46984126984127,18.823809523809526,18.685714285714287,17.690476190476193,17.820634920634923,17.834920634920632
18.693650793650786,19.179365079365073,19.136507936507932,19.174603174603174,18.265079365079366,18.84603174603175,18.663492063492058,18.40952380952381,17.60952380952381,18.480952380952377,18.257142857142856,18.468253968253975,18.071428571428566,19.44920634920635,18.139682539682543,18.74603174603175,18.384126984126986,18.017460317460312,18.431746031746034,18.85555555555555,18.901587301587305,18.938095238095237,18.273015873015872,17.350793650793655,18.373015873015877,18.565079365079363,18.503174603174607,17.536507936507935,17.742857142857144,17.81269841269841
18.58412698412698,19.04285714285714,19.04126984126984,19.17301587301587,17.852380952380955,18.74920634920635,18.595238095238088,18.406349206349205,17.561904761904763,18.449206349206346,18.187301587301587,18.396825396825403,18.066666666666663,18.98730158730159,18.077777777777783,18.649206349206356,18.24920634920635,18.017460317460312,18.426984126984127,18.74126984126984,18.747619047619057,18.709523809523805,18.198412698412696,17.28412698412699,18.203174603174606,18.487301587301584,18.314285714285713,17.511111111111113,17.626984126984134,17.64761904761905
18.434920634920633,18.814285714285713,18.758730158730156,19.128571428571426,17.831746031746032,18.599999999999998,18.46507936507936,18.34285714285714,17.37936507936508,18.425396825396824,18.122222222222224,18.28412698412699,17.953968253968252,18.814285714285713,18.077777777777783,18.473015873015875,17.99047619047619,17.946031746031743,18.293650793650794,18.647619047619045,18.51428571428572,18.687301587301583,18.039682539682534,16.958730158730155,18.04126984126985,18.463492063492062,18.268253968253973,17.461904761904762,17.26031746031746,17.57936507936508
18.358730158730157,18.79047619047619,18.650793650793652,19.038095238095234,17.676190476190477,18.596825396825395,18.441269841269836,18.214285714285715,17.37777777777778,18.303174603174604,18.047619047619047,18.10317460317461,17.928571428571427,18.5936507936508,17.93650793650794,18.273015873015876,17.806349206349207,17.9,18.266666666666666,18.62380952380952,18.45079365079366,18.56984126984127,17.928571428571427,16.84285714285714,17.850793650793655,18.411111111111108,18.23650793650794,17.368253968253967,17.26031746031746,17.52857142857143
18.357142857142854,18.742857142857144,18.528571428571432,18.920634920634917,17.626984126984134,18.27301587301587,18.39841269841269,18.14761904761905,17.37777777777778,18.274603174603172,17.885714285714286,18.10317460317461,17.8047619047619,18.42222222222222,17.90634920634921,18.044444444444444,17.719047619047622,17.807936507936507,18.24285714285714,18.577777777777776,18.358730158730168,18.47460317460317,17.903174603174598,16.682539682539684,17.752380952380957,18.299999999999997,18.16825396825397,17.31904761904762,17.08253968253968,17.477777777777774
18.21428571428571,18.739682539682537,18.528571428571432,18.86349206349206,17.60158730158731,18.158730158730158,18.390476190476186,18.00793650793651,17.35238095238095,18.160317460317458,17.81746031746032,18.03492063492064,17.663492063492058,18.201587301587303,17.839682539682542,17.944444444444446,17.595238095238095,17.758730158730156,18.24285714285714,18.411111111111108,18.26666666666667,18.453968253968252,17.811111111111106,16.682539682539684,17.682539682539687,18.168253968253964,18.120634920634927,17.176190476190477,17.07619047619047,17.346031746031745
18.14126984126984,18.736507936507937,18.503174603174607,18.817460317460313,17.46349206349207,18.12063492063492,18.349206349206344,18.00793650793651,17.239682539682534,18.160317460317458,17.72380952380953,18.03492063492064,17.620634920634913,18.080952380952382,17.839682539682542,17.890476190476193,17.4984126984127,17.755555555555553,18.176190476190474,18.315873015873013,18.1968253968254,18.363492063492064,17.780952380952378,16.67936507936508,17.542857142857144,18.168253968253964,18.096825396825402,17.128571428571426,16.953968253968252,17.326984126984126
18.117460317460313,18.67301587301587,18.458730158730155,18.720634920634918,17.46349206349207,17.982539682539684,18.32539682539682,17.917460317460318,17.23492063492063,18.136507936507936,17.72380952380953,17.896825396825403,17.412698412698408,17.987301587301587,17.83650793650794,17.768253968253973,17.425396825396827,17.68571428571428,18.128571428571426,18.073015873015873,18.176190476190477,18.21746031746032,17.73492063492063,16.63174603174603,17.512698412698416,18.16507936507936,18.074603174603176,16.947619047619046,16.887301587301586,17.25555555555555
18.046031746031744,18.669841269841267,18.419047619047618,18.6,17.328571428571433,17.890476190476193,18.29682539682539,17.830158730158725,17.23492063492063,18.136507936507936,17.634920634920636,17.780952380952385,17.349206349206344,17.92063492063492,17.83650793650794,17.726984126984128,17.376190476190477,17.66349206349206,18.128571428571426,18.050793650793654,18.12698412698413,18.14761904761905,17.638095238095232,16.56349206349206,17.468253968253972,18.06666666666666,18.071428571428573,16.947619047619046,16.887301587301586,17.146031746031742
18.02063492063492,18.6,18.403174603174605,18.55714285714286,17.328571428571433,17.844444444444445,18.295238095238087,17.777777777777775,17.13968253968254,18.136507936507936,17.588888888888892,17.73650793650794,17.325396825396822,17.790476190476188,17.834920634920632,17.612698412698418,17.312698412698413,17.531746031746028,17.998412698412697,18.02539682539683,17.985714285714284,17.944444444444443,17.52539682539682,16.449206349206346,17.314285714285713,17.998412698412697,18.069841269841273,16.947619047619046,16.865079365079364,17.053968253968254
17.909523809523808,18.457142857142856,18.350793650793655,18.468253968253972,17.328571428571433,17.755555555555556,18.22698412698412,17.731746031746027,17.13968253968254,18.08888888888889,17.588888888888892,17.65873015873016,17.325396825396822,17.766666666666662,17.788888888888888,17.612698412698418,17.24285714285714,17.41269841269841,17.95396825396825,18.02539682539683,17.985714285714284,17.919047619047618,17.358730158730157,16.403174603174598,17.087301587301585,17.998412698412697,17.958730158730166,16.947619047619046,16.841269841269842,16.91111111111111
17.83809523809524,18.39047619047619,18.304761904761907,18.392063492063492,17.328571428571433,17.712698412698412,18.198412698412692,17.730158730158728,17.117460317460317,18.08888888888889,17.588888888888892,17.65714285714286,17.299999999999997,17.63174603174603,17.720634920634918,17.592063492063495,17.195238095238096,17.201587301587303,17.888888888888882,17.933333333333334,17.963492063492065,17.73650793650794,17.33968253968254,16.403174603174598,17.087301587301585,17.99365079365079,17.90476190476191,16.947619047619046,16.703174603174602,16.91111111111111
17.790476190476188,18.17936507936508,18.16666666666667,18.342857142857145,17.323809523809526,17.709523809523812,18.17619047619047,17.590476190476192,17.117460317460317,18.04285714285714,17.588888888888892,17.60952380952381,17.244444444444436,17.590476190476185,17.698412698412696,17.592063492063495,17.174603174603178,17.201587301587303,17.888888888888882,17.931746031746034,17.963492063492065,17.73650793650794,17.29365079365079,16.36190476190476,16.95079365079365,17.99365079365079,17.857142857142865,16.947619047619046,16.703174603174602,16.89047619047619
17.725396825396825,18.133333333333336,18.16349206349207,18.341269841269842,17.274603174603175,17.68888888888889,18.15238095238095,17.447619047619053,17.093650793650795,18.04285714285714,17.52539682539683,17.425396825396827,17.196825396825393,17.565079365079363,17.674603174603174,17.522222222222226,17.153968253968255,17.157142857142855,17.819047619047616,17.704761904761902,17.893650793650796,17.668253968253968,17.246031746031743,16.36190476190476,16.77142857142857,17.969841269841268,17.792063492063498,16.925396825396824,16.703174603174602,16.83968253968254
17.636507936507936,18.071428571428573,18.112698412698418,18.226984126984128,17.253968253968253,17.642857142857146,18.128571428571426,17.260317460317466,17.073015873015873,18.023809523809522,17.507936507936506,17.263492063492063,17.082539682539682,17.54126984126984,17.674603174603174,17.477777777777778,16.91587301587302,17.04444444444444,17.798412698412694,17.611111111111107,17.75714285714286,17.47777777777778,17.185714285714287,16.36190476190476,16.725396825396828,17.969841269841268,17.76507936507937,16.925396825396824,16.65396825396825,16.792063492063495
17.634920634920636,18.069841269841273,17.86031746031746,18.16190476190476,17.23015873015873,17.57142857142857,18.128571428571426,17.260317460317466,16.863492063492064,18.023809523809522,17.507936507936506,17.153968253968255,17.033333333333328,17.52063492063492,17.674603174603174,17.453968253968252,16.8920634920635,16.950793650793646,17.71111111111111,17.609523809523807,17.755555555555556,17.476190476190478,17.055555555555554,16.36190476190476,16.646031746031746,17.92222222222222,17.76507936507937,16.9,16.63015873015873,16.7031746031746
17.633333333333333,18.069841269841273,17.755555555555556,18.16190476190476,17.23015873015873,17.57142857142857,17.871428571428567,17.171428571428578,16.79682539682539,18.022222222222222,17.45873015873016,17.13015873015873,17.0047619047619,17.430158730158727,17.674603174603174,17.384126984126986,16.798412698412704,16.879365079365076,17.711111111111105,17.490476190476194,17.655555555555555,17.37460317460318,16.980952380952377,16.358730158730157,16.555555555555554,17.834920634920632,17.71904761904762,16.853968253968254,16.580952380952382,16.7031746031746
17.607936507936508,18.046031746031748,17.668253968253968,18.16190476190476,17.184126984126983,17.57142857142857,17.769841269841265,17.171428571428578,16.771428571428565,17.999999999999996,17.414285714285715,17.082539682539686,16.93333333333333,17.36190476190476,17.655555555555555,17.361904761904764,16.798412698412704,16.807936507936507,17.622222222222216,17.46825396825397,17.62698412698413,17.300000000000004,16.980952380952377,16.358730158730157,16.47142857142857,17.763492063492055,17.652380952380952,16.853968253968254,16.580952380952382,16.7031746031746
17.59206349206349,18.023809523809522,17.642857142857146,18.16190476190476,17.184126984126983,17.56984126984127,17.653968253968245,17.14603174603175,16.771428571428565,17.979365079365078,17.38571428571429,16.94603174603175,16.887301587301586,17.268253968253966,17.655555555555555,17.180952380952384,16.750793650793657,16.784126984126985,17.622222222222216,17.365079365079364,17.584126984126986,17.141269841269843,16.980952380952377,16.317460317460316,16.33333333333333,17.763492063492055,17.652380952380952,16.738095238095237,16.580952380952382,16.65714285714286
17.56984126984127,17.930158730158727,17.54920634920635,18.05079365079365,17.18095238095238,17.455555555555556,17.56349206349206,17.120634920634924,16.771428571428565,17.909523809523808,17.27142857142857,16.79047619047619,16.887301587301586,17.268253968253966,17.609523809523807,17.180952380952384,16.707936507936513,16.784126984126985,17.620634920634917,17.295238095238098,17.584126984126986,17.107936507936508,16.980952380952377,16.317460317460316,16.257142857142856,17.73492063492063,17.607936507936508,16.736507936507937,16.580952380952382,16.631746031746033
17.342857142857145,17.860317460317457,17.52539682539683,17.941269841269843,17.155555555555555,17.453968253968252,17.49682539682539,17.055555555555557,16.750793650793646,17.769841269841265,17.26825396825397,16.742857142857144,16.887301587301586,17.268253968253966,17.517460317460312,17.180952380952384,16.636507936507943,16.784126984126985,17.59682539682539,17.28888888888889,17.53809523809524,17.106349206349204,16.958730158730155,16.295238095238094,16.255555555555553,17.665079365079357,17.580952380952382,16.736507936507937,16.444444444444446,16.60952380952381
17.342857142857145,17.838095238095242,17.457142857142856,17.871428571428574,17.133333333333333,17.428571428571427,17.49682539682539,17.03492063492064,16.750793650793646,17.769841269841265,17.250793650793646,16.695238095238093,16.86349206349206,17.199999999999996,17.517460317460312,17.16031746031746,16.534920634920635,16.71428571428571,17.482539682539677,17.28888888888889,17.53809523809524,17.106349206349204,16.958730158730155,16.295238095238094,16.253968253968253,17.663492063492058,17.553968253968254,16.736507936507937,16.444444444444446,16.590476190476192
17.274603174603175,17.76349206349206,17.455555555555556,17.73174603174603,17.087301587301585,17.35238095238095,17.473015873015868,17.03174603174603,16.750793650793646,17.74603174603174,17.16190476190476,16.623809523809523,16.819047619047616,17.199999999999996,17.469841269841268,17.098412698412698,16.534920634920635,16.71269841269841,17.457142857142856,17.28888888888889,17.53809523809524,17.106349206349204,16.958730158730155,16.26984126984127,16.253968253968253,17.663492063492058,17.507936507936506,16.736507936507937,16.444444444444446,16.590476190476192
17.25079365079365,17.76349206349206,17.339682539682542,17.726984126984128,17.03492063492063,17.331746031746032,17.447619047619046,16.98095238095238,16.73492063492063,17.698412698412692,17.16190476190476,16.601587301587298,16.819047619047616,17.128571428571426,17.449206349206346,17.053968253968254,16.534920634920635,16.71269841269841,17.387301587301582,17.28888888888889,17.446031746031746,17.038095238095238,16.955555555555556,16.26984126984127,16.253968253968253,17.620634920634917,17.507936507936506,16.736507936507937,16.444444444444446,16.590476190476192
17.209523809523812,17.76190476190476,17.1984126984127,17.726984126984128,17.03492063492063,17.28571428571429,17.403174603174598,16.95555555555556,16.71111111111111,17.631746031746026,17.11428571428571,16.550793650793647,16.79365079365079,17.128571428571426,17.425396825396824,17.047619047619047,16.511111111111113,16.64920634920635,17.322222222222216,17.28888888888889,17.444444444444446,16.99047619047619,16.952380952380953,16.253968253968253,16.252380952380953,17.620634920634917,17.487301587301587,16.736507936507937,16.444444444444446,16.590476190476192
17.163492063492065,17.712698412698412,17.12857142857143,17.701587301587306,16.99206349206349,17.28571428571429,17.395238095238092,16.95555555555556,16.660317460317454,17.6063492063492,17.092063492063485,16.526984126984125,16.753968253968253,17.1031746031746,17.425396825396824,17.047619047619047,16.44126984126984,16.625396825396823,17.277777777777775,17.266666666666666,17.444444444444446,16.969841269841268,16.907936507936505,16.253968253968253,16.252380952380953,17.620634920634917,17.43650793650794,16.736507936507937,16.444444444444446,16.590476190476192
17.141269841269843,17.688888888888886,17.082539682539682,17.676190476190477,16.96666666666667,17.195238095238096,17.195238095238093,16.912698412698415,16.660317460317454,17.6063492063492,17.090476190476185,16.504761904761907,16.73333333333333,17.1031746031746,17.425396825396824,17.047619047619047,16.44126984126984,16.625396825396823,17.253968253968253,17.266666666666666,17.444444444444446,16.920634920634924,16.906349206349205,16.228571428571424,16.18253968253968,17.620634920634917,17.43650793650794,16.736507936507937,16.4031746031746,16.590476190476192
17.141269841269843,17.687301587301587,17.082539682539682,17.676190476190477,16.85079365079365,17.174603174603178,17.111111111111107,16.885714285714286,16.660317460317454,17.542857142857137,17.090476190476185,16.46031746031746,16.71269841269841,17.060317460317457,17.399999999999995,17.047619047619047,16.419047619047618,16.6015873015873,17.138095238095236,17.266666666666666,17.37936507936508,16.785714285714285,16.84285714285714,16.228571428571424,16.18253968253968,17.552380952380947,17.43650793650794,16.57619047619048,16.4031746031746,16.58730158730159
17.13809523809524,17.59841269841269,17.082539682539682,17.582539682539682,16.85079365079365,17.144444444444446,16.9984126984127,16.880952380952383,16.658730158730155,17.390476190476186,17.090476190476185,16.46031746031746,16.669841269841264,17.060317460317457,17.355555555555554,17.047619047619047,16.419047619047618,16.533333333333335,17.138095238095236,17.25873015873016,17.37936507936508,16.785714285714285,16.79206349206349,16.136507936507932,16.18253968253968,17.526984126984125,17.34920634920635,16.57619047619048,16.4031746031746,16.58730158730159
17.112698412698418,17.480952380952374,16.96984126984127,17.54126984126984,16.84920634920635,17.142857142857146,16.90793650793651,16.833333333333332,16.65555555555555,17.34761904761904,17.090476190476185,16.46031746031746,16.669841269841264,17.060317460317457,17.265079365079366,17.047619047619047,16.419047619047618,16.50952380952381,17.138095238095236,17.193650793650797,17.37777777777778,16.785714285714285,16.773015873015872,16.13492063492063,16.11428571428571,17.526984126984125,17.253968253968257,16.57619047619048,16.373015873015877,16.522222222222222
17.112698412698418,17.480952380952374,16.96984126984127,17.523809523809522,16.84920634920635,17.142857142857146,16.90793650793651,16.78571428571429,16.65555555555555,17.328571428571422,16.936507936507937,16.46031746031746,16.58095238095238,17.057142857142853,17.265079365079366,16.911111111111108,16.395238095238096,16.50952380952381,17.138095238095236,17.1015873015873,17.37777777777778,16.78412698412698,16.77142857142857,16.13492063492063,16.11428571428571,17.441269841269836,17.234920634920634,16.57619047619048,16.373015873015877,16.38730158730159
17.0936507936508,17.439682539682533,16.91904761904762,17.45555555555556,16.801587301587304,17.119047619047617,16.90793650793651,16.76507936507937,16.609523809523804,17.312698412698406,16.931746031746034,16.46031746031746,16.58095238095238,17.052380952380947,17.265079365079366,16.911111111111108,16.35079365079365,16.50634920634921,17.138095238095236,17.1015873015873,17.353968253968254,16.761904761904763,16.77142857142857,16.111111111111107,16.109523809523807,17.34920634920634,17.211111111111112,16.57619047619048,16.36825396825397,16.38730158730159
17.028571428571432,17.34920634920634,16.91904761904762,17.436507936507937,16.780952380952378,17.11428571428571,16.882539682539683,16.76507936507937,16.590476190476185,17.242857142857137,16.931746031746034,16.396825396825395,16.58095238095238,17.01111111111111,17.265079365079366,16.907936507936505,16.304761904761904,16.48730158730159,17.134920634920636,17.057142857142857,17.353968253968254,16.75873015873016,16.77142857142857,16.111111111111107,16.109523809523807,17.34920634920634,17.16190476190476,16.57619047619048,16.36825396825397,16.385714285714286
17.028571428571432,17.34920634920634,16.873015873015873,17.414285714285715,16.71587301587302,17.090476190476185,16.86031746031746,16.6952380952381,16.590476190476185,17.241269841269837,16.931746031746034,16.396825396825395,16.58095238095238,17.01111111111111,17.195238095238096,16.907936507936505,16.304761904761904,16.463492063492065,17.134920634920636,17.057142857142857,17.353968253968254,16.75873015873016,16.75079365079365,16.111111111111107,16.109523809523807,17.34920634920634,17.13809523809524,16.57619047619048,16.365079365079364,16.385714285714286
16.97936507936508,17.34920634920634,16.812698412698413,17.414285714285715,16.71587301587302,17.047619047619047,16.814285714285713,16.647619047619052,16.590476190476185,17.193650793650786,16.931746031746034,16.396825396825395,16.58095238095238,16.94285714285714,17.19047619047619,16.907936507936505,16.263492063492063,16.36984126984127,17.04603174603174,17.038095238095234,17.353968253968254,16.693650793650793,16.676190476190474,16.069841269841266,16.109523809523807,17.34920634920634,17.13809523809524,16.57619047619048,16.365079365079364,16.385714285714286
16.955555555555556,17.328571428571422,16.719047619047622,17.325396825396826,16.646031746031746,17.047619047619047,16.79047619047619,16.647619047619052,16.590476190476185,17.14603174603174,16.931746031746034,16.395238095238096,16.58095238095238,16.680952380952377,17.16507936507936,16.907936507936505,16.261904761904763,16.32063492063492,16.97301587301587,17.038095238095234,17.35238095238095,16.62063492063492,16.655555555555555,16.069841269841266,16.109523809523807,17.326984126984122,17.13809523809524,16.57619047619048,16.365079365079364,16.385714285714286
16.952380952380953,17.282539682539674,16.719047619047622,17.325396825396826,16.646031746031746,16.999999999999996,16.79047619047619,16.647619047619052,16.588888888888885,17.006349206349203,16.884126984126983,16.395238095238096,16.558730158730153,16.680952380952377,17.138095238095232,16.907936507936505,16.261904761904763,16.282539682539678,16.97301587301587,16.947619047619046,17.35238095238095,16.598412698412698,16.655555555555555,16.069841269841266,16.109523809523807,17.3063492063492,17.13809523809524,16.57619047619048,16.365079365079364,16.380952380952383
16.765079365079366,17.212698412698405,16.719047619047622,17.325396825396826,16.577777777777776,16.998412698412697,16.79047619047619,16.62539682539683,16.588888888888885,17.006349206349203,16.884126984126983,16.323809523809523,16.490476190476183,16.680952380952377,17.138095238095232,16.884126984126983,16.239682539682537,16.26349206349206,16.93333333333333,16.782539682539685,17.35238095238095,16.525396825396825,16.607936507936508,16.069841269841266,16.109523809523807,17.3063492063492,17.13809523809524,16.48730158730159,16.365079365079364,16.357142857142854
16.744444444444447,17.211111111111105,16.6984126984127,17.23174603174603,16.577777777777776,16.995238095238093,16.72380952380952,16.579365079365083,16.588888888888885,16.81746031746031,16.86190476190476,16.323809523809523,16.490476190476183,16.679365079365077,17.06507936507936,16.884126984126983,16.239682539682537,16.24285714285714,16.93333333333333,16.712698412698412,17.31428571428571,16.525396825396825,16.585714285714285,16.069841269841266,16.109523809523807,17.3063492063492,17.115873015873017,16.442857142857143,16.365079365079364,16.30952380952381
16.74126984126984,17.211111111111105,16.6984126984127,17.23174603174603,16.576190476190476,16.926984126984127,16.72380952380952,16.557142857142864,16.58730158730158,16.81746031746031,16.86190476190476,16.323809523809523,16.490476190476183,16.542857142857137,17.017460317460312,16.865079365079364,16.238095238095237,16.24285714285714,16.93333333333333,16.712698412698412,17.29365079365079,16.45714285714286,16.585714285714285,16.069841269841266,16.109523809523807,17.28730158730158,17.115873015873017,16.393650793650796,16.365079365079364,16.265079365079362
16.74126984126984,17.211111111111105,16.6984126984127,17.23174603174603,16.557142857142857,16.925396825396824,16.72380952380952,16.557142857142864,16.58730158730158,16.77142857142856,16.81428571428571,16.323809523809523,16.490476190476183,16.425396825396824,17.01587301587301,16.863492063492064,16.238095238095237,16.24285714285714,16.93333333333333,16.712698412698412,17.273015873015872,16.414285714285718,16.560317460317457,16.069841269841266,16.109523809523807,17.28730158730158,17.046031746031744,16.393650793650796,16.365079365079364,16.265079365079362
16.74126984126984,17.209523809523805,16.676190476190477,17.182539682539687,16.485714285714284,16.92063492063492,16.674603174603174,16.557142857142864,16.560317460317453,16.749206349206343,16.790476190476188,16.230158730158728,16.490476190476183,16.334920634920632,17.01428571428571,16.86031746031746,16.238095238095237,16.24285714285714,16.93333333333333,16.712698412698412,17.13492063492064,16.414285714285718,16.509523809523806,16.069841269841266,16.109523809523807,17.28571428571428,17.046031746031744,16.393650793650796,16.365079365079364,16.265079365079362
16.74126984126984,17.16666666666666,16.674603174603174,17.182539682539687,16.465079365079365,16.92063492063492,16.652380952380952,16.511111111111116,16.49047619047619,16.749206349206343,16.722222222222218,16.230158730158728,16.488888888888884,16.334920634920632,17.01428571428571,16.86031746031746,16.238095238095237,16.198412698412696,16.911111111111108,16.66825396825397,17.11111111111111,16.3952380952381,16.45873015873016,16.069841269841266,16.109523809523807,17.28571428571428,17.046031746031744,16.347619047619048,16.365079365079364,16.265079365079362
16.71587301587302,17.117460317460313,16.671428571428567,17.16190476190477,16.43968253968254,16.831746031746032,16.652380952380952,16.511111111111116,16.46666666666666,16.72063492063491,16.722222222222218,16.230158730158728,16.488888888888884,16.309523809523807,16.94285714285714,16.86031746031746,16.238095238095237,16.198412698412696,16.911111111111108,16.66825396825397,17.11111111111111,16.3952380952381,16.45873015873016,16.069841269841266,16.109523809523807,17.28571428571428,17.046031746031744,16.347619047619048,16.365079365079364,16.265079365079362
16.55555555555556,17.117460317460313,16.671428571428567,17.160317460317465,16.37142857142857,16.739682539682537,16.611111111111107,16.511111111111116,16.46666666666666,16.72063492063491,16.698412698412696,16.16031746031746,16.488888888888884,16.309523809523807,16.869841269841267,16.86031746031746,16.238095238095237,16.196825396825393,16.860317460317457,16.57777777777778,17.11111111111111,16.3952380952381,16.45873015873016,16.069841269841266,16.109523809523807,17.19206349206349,17.046031746031744,16.325396825396826,16.365079365079364,16.241269841269837
16.553968253968257,17.117460317460313,16.64920634920635,17.158730158730165,16.325396825396826,16.736507936507937,16.611111111111107,16.511111111111116,16.46666666666666,16.657142857142848,16.698412698412696,16.16031746031746,16.455555555555552,16.309523809523807,16.822222222222216,16.86031746031746,16.220634920634925,16.196825396825393,16.814285714285713,16.534920634920635,17.11111111111111,16.3952380952381,16.45873015873016,16.069841269841266,16.109523809523807,17.188888888888883,17.003174603174603,16.303174603174604,16.365079365079364,16.217460317460315
16.553968253968257,17.068253968253963,16.64920634920635,17.058730158730164,16.3031746031746,16.736507936507937,16.539682539682538,16.511111111111116,16.46666666666666,16.657142857142848,16.698412698412696,16.158730158730158,16.390476190476186,16.309523809523807,16.799999999999994,16.838095238095235,16.220634920634925,16.196825396825393,16.814285714285713,16.51111111111111,17.11111111111111,16.330158730158733,16.439682539682543,16.069841269841266,16.109523809523807,17.138095238095232,17.003174603174603,16.303174603174604,16.365079365079364,16.217460317460315
16.534920634920642,17.068253968253963,16.64920634920635,16.985714285714288,16.3031746031746,16.625396825396827,16.42380952380952,16.511111111111116,16.46507936507936,16.634920634920626,16.698412698412696,16.158730158730158,16.339682539682535,16.226984126984124,16.799999999999994,16.838095238095235,16.220634920634925,16.196825396825393,16.79206349206349,16.51111111111111,17.036507936507935,16.330158730158733,16.439682539682543,15.999999999999993,16.019047619047615,17.136507936507932,16.977777777777778,16.28412698412698,16.365079365079364,16.217460317460315
16.534920634920642,17.068253968253963,16.64920634920635,16.93650793650794,16.3031746031746,16.57936507936508,16.42380952380952,16.511111111111116,16.41587301587301,16.634920634920626,16.696825396825393,16.114285714285714,16.315873015873013,16.179365079365077,16.726984126984124,16.838095238095235,16.220634920634925,16.196825396825393,16.790476190476188,16.51111111111111,17.036507936507935,16.279365079365082,16.347619047619048,15.97777777777777,16.019047619047615,16.976190476190467,16.885714285714283,16.258730158730156,16.365079365079364,16.217460317460315
16.512698412698416,17.068253968253963,16.626984126984127,16.934920634920637,16.3031746031746,16.557142857142857,16.42380952380952,16.511111111111116,16.39365079365079,16.634920634920626,16.693650793650793,16.114285714285714,16.315873015873013,16.177777777777774,16.726984126984124,16.790476190476188,16.220634920634925,16.196825396825393,16.790476190476188,16.51111111111111,16.971428571428575,16.279365079365082,16.25873015873016,15.97777777777777,16.019047619047615,16.976190476190467,16.860317460317457,16.258730158730156,16.365079365079364,16.217460317460315
16.512698412698416,17.02222222222222,16.603174603174605,16.934920634920637,16.3031746031746,16.557142857142857,16.42380952380952,16.511111111111116,16.37142857142857,16.588888888888885,16.669841269841264,16.114285714285714,16.290476190476188,16.177777777777774,16.726984126984124,16.790476190476188,16.220634920634925,16.196825396825393,16.790476190476188,16.51111111111111,16.96984126984127,16.27619047619048,16.25873015873016,15.952380952380947,16.019047619047615,16.976190476190467,16.763492063492063,16.258730158730156,16.365079365079364,16.217460317460315
16.511111111111113,17.02222222222222,16.603174603174605,16.933333333333337,16.299999999999997,16.557142857142857,16.42380952380952,16.507936507936513,16.349206349206348,16.588888888888885,16.649206349206345,16.114285714285714,16.290476190476188,16.177777777777774,16.726984126984124,16.790476190476188,16.220634920634925,16.196825396825393,16.790476190476188,16.51111111111111,16.96984126984127,16.27619047619048,16.25873015873016,15.952380952380947,16.019047619047615,16.976190476190467,16.763492063492063,16.258730158730156,16.34126984126984,16.217460317460315
16.469841269841275,17.02063492063492,16.58095238095238,16.90793650793651,16.23333333333333,16.53174603174603,16.42380952380952,16.507936507936513,16.34603174603174,16.588888888888885,16.649206349206345,16.09206349206349,16.290476190476188,16.17619047619047,16.679365079365073,16.790476190476188,16.195238095238096,16.14761904761905,16.790476190476188,16.51111111111111,16.96984126984127,16.27619047619048,16.19047619047619,15.952380952380947,16.019047619047615,16.976190476190467,16.763492063492063,16.258730158730156,16.34126984126984,16.212698412698412
16.469841269841275,16.996825396825397,16.58095238095238,16.90793650793651,16.185714285714283,16.53174603174603,16.42380952380952,16.507936507936513,16.34603174603174,16.588888888888885,16.574603174603173,16.09206349206349,16.290476190476188,16.17619047619047,16.658730158730155,16.790476190476188,16.195238095238096,16.14761904761905,16.790476190476188,16.51111111111111,16.871428571428574,16.27619047619048,16.188888888888886,15.952380952380947,16.019047619047615,16.974603174603168,16.668253968253968,16.24126984126984,16.34126984126984,16.212698412698412
16.469841269841275,16.996825396825397,16.58095238095238,16.86666666666667,16.185714285714283,16.53174603174603,16.42380952380952,16.507936507936513,16.34444444444444,16.588888888888885,16.57460317460317,16.09206349206349,16.290476190476188,16.17619047619047,16.658730158730155,16.790476190476188,16.193650793650797,16.009523809523806,16.790476190476188,16.50952380952381,16.871428571428574,16.27460317460318,16.188888888888886,15.952380952380947,16.019047619047615,16.974603174603168,16.668253968253968,16.169841269841267,16.34126984126984,16.19047619047619
16.449206349206353,16.996825396825397,16.58095238095238,16.790476190476195,16.185714285714283,16.51111111111111,16.42380952380952,16.487301587301594,16.231746031746027,16.588888888888885,16.549206349206347,16.09206349206349,16.290476190476188,16.17619047619047,16.658730158730155,16.788888888888884,16.193650793650797,16.009523809523806,16.790476190476188,16.50952380952381,16.871428571428574,16.27460317460318,16.146031746031746,15.861904761904755,16.019047619047615,16.974603174603168,16.668253968253968,16.169841269841267,16.34126984126984,16.19047619047619
16.403174603174605,16.996825396825397,16.58095238095238,16.790476190476195,16.185714285714283,16.46190476190476,16.37142857142857,16.487301587301594,16.231746031746027,16.588888888888885,16.549206349206347,16.09206349206349,16.244444444444444,16.17619047619047,16.658730158730155,16.788888888888884,16.169841269841267,16.009523809523806,16.790476190476188,16.50952380952381,16.871428571428574,16.27460317460318,16.146031746031746,15.861904761904755,16.019047619047615,16.974603174603168,16.668253968253968,16.168253968253968,16.317460317460316,16.187301587301583
16.330158730158733,16.95873015873016,16.58095238095238,16.790476190476195,16.185714285714283,16.390476190476186,16.34603174603175,16.487301587301594,16.231746031746027,16.588888888888885,16.52698412698412,16.09206349206349,16.244444444444444,16.15238095238095,16.658730158730155,16.788888888888884,16.12698412698413,16.009523809523806,16.790476190476188,16.50952380952381,16.871428571428574,16.27460317460318,16.146031746031746,15.844444444444438,16.017460317460312,16.974603174603168,16.668253968253968,16.168253968253968,16.317460317460316,16.187301587301583
16.330158730158733,16.873015873015873,16.58095238095238,16.74444444444445,16.18253968253968,16.38412698412698,16.34603174603175,16.487301587301594,16.231746031746027,16.588888888888885,16.501587301587296,16.08888888888889,16.244444444444444,16.15238095238095,16.658730158730155,16.788888888888884,16.12698412698413,16.009523809523806,16.787301587301585,16.50952380952381,16.868253968253967,16.24920634920635,16.146031746031746,15.814285714285708,16.017460317460312,16.95396825396825,16.668253968253968,16.168253968253968,16.230158730158728,16.068253968253966
16.304761904761907,16.873015873015873,16.576190476190472,16.665079365079368,16.18253968253968,16.38412698412698,16.34603174603175,16.439682539682547,16.2047619047619,16.588888888888885,16.501587301587296,16.08888888888889,16.244444444444444,16.14920634920634,16.63650793650793,16.788888888888884,16.12698412698413,16.009523809523806,16.720634920634918,16.463492063492062,16.868253968253967,16.225396825396825,16.146031746031746,15.814285714285708,16.017460317460312,16.931746031746027,16.668253968253968,16.168253968253968,16.188888888888886,16.068253968253966
16.304761904761907,16.8,16.576190476190472,16.665079365079368,16.18253968253968,16.27142857142857,16.34603174603175,16.439682539682547,16.2047619047619,16.56507936507936,16.501587301587296,16.08888888888889,16.244444444444444,16.14920634920634,16.59047619047619,16.76349206349206,16.053968253968254,15.988888888888885,16.71428571428571,16.439682539682536,16.84603174603175,16.225396825396825,16.146031746031746,15.812698412698403,16.017460317460312,16.928571428571423,16.666666666666664,16.168253968253968,16.12063492063492,16.068253968253966
16.304761904761907,16.8,16.576190476190472,16.665079365079368,16.18253968253968,16.27142857142857,16.34603174603175,16.439682539682547,16.2047619047619,16.541269841269834,16.41269841269841,16.085714285714285,16.244444444444444,16.130158730158723,16.54603174603174,16.649206349206345,16.033333333333335,15.988888888888885,16.70952380952381,16.396825396825395,16.84603174603175,16.225396825396825,16.146031746031746,15.78888888888888,16.017460317460312,16.9031746031746,16.666666666666664,16.168253968253968,16.099999999999998,16.066666666666666
16.257142857142856,16.8,16.438095238095237,16.665079365079368,16.18253968253968,16.266666666666666,16.34603174603175,16.439682539682547,16.2047619047619,16.517460317460312,16.36190476190476,16.085714285714285,16.244444444444444,16.130158730158723,16.54603174603174,16.64444444444444,16.033333333333335,15.94285714285714,16.70952380952381,16.396825396825395,16.84603174603175,16.225396825396825,16.146031746031746,15.78888888888888,16.017460317460312,16.9031746031746,16.666666666666664,16.168253968253968,16.099999999999998,16.066666666666666
16.257142857142856,16.761904761904763,16.39206349206349,16.64285714285715,16.18253968253968,16.246031746031747,16.34603174603175,16.439682539682547,16.2047619047619,16.49365079365079,16.36190476190476,16.085714285714285,16.244444444444444,16.130158730158723,16.5015873015873,16.59682539682539,16.033333333333335,15.94285714285714,16.644444444444442,16.396825396825395,16.84603174603175,16.15714285714286,16.146031746031746,15.78730158730158,16.017460317460312,16.9031746031746,16.666666666666664,16.168253968253968,16.099999999999998,16.066666666666666
16.234920634920638,16.712698412698415,16.39206349206349,16.601587301587305,16.18253968253968,16.203174603174602,16.34603174603175,16.439682539682547,16.13492063492063,16.49365079365079,16.36190476190476,16.06825396825397,16.244444444444444,16.130158730158723,16.5015873015873,16.573015873015866,15.939682539682542,15.941269841269838,16.52698412698412,16.396825396825395,16.84603174603175,16.15714285714286,16.146031746031746,15.763492063492057,16.017460317460312,16.9031746031746,16.666666666666664,16.168253968253968,16.099999999999998,16.066666666666666
16.212698412698412,16.709523809523812,16.369841269841267,16.600000000000005,16.160317460317454,16.18095238095238,16.34603174603175,16.439682539682547,16.131746031746026,16.49365079365079,16.36190476190476,16.06825396825397,16.244444444444444,16.130158730158723,16.5015873015873,16.573015873015866,15.939682539682542,15.941269841269838,16.477777777777774,16.396825396825395,16.84603174603175,16.15714285714286,16.146031746031746,15.758730158730152,16.017460317460312,16.9031746031746,16.666666666666664,16.168253968253968,16.099999999999998,16.066666666666666
16.138095238095236,16.709523809523812,16.33968253968254,16.530158730158732,16.160317460317454,16.17936507936508,16.320634920634923,16.439682539682547,16.131746031746026,16.446031746031743,16.247619047619047,16.020634920634922,16.244444444444444,16.12698412698412,16.5015873015873,16.5047619047619,15.939682539682542,15.941269841269838,16.455555555555552,16.396825396825395,16.8,16.08888888888889,16.146031746031746,15.641269841269835,16.017460317460312,16.9031746031746,16.666666666666664,16.168253968253968,16.099999999999998,16.066666666666666
16.138095238095236,16.709523809523812,16.33968253968254,16.530158730158732,16.160317460317454,16.112698412698414,16.320634920634923,16.439682539682547,16.06507936507936,16.446031746031743,16.247619047619047,16.020634920634922,16.244444444444444,16.12698412698412,16.45079365079365,16.5047619047619,15.939682539682542,15.941269841269838,16.43015873015873,16.396825396825395,16.8,16.08888888888889,16.146031746031746,15.641269841269835,16.017460317460312,16.838095238095235,16.666666666666664,16.168253968253968,16.099999999999998,16.047619047619047
16.138095238095236,16.709523809523812,16.3015873015873,16.530158730158732,16.160317460317454,16.112698412698414,16.320634920634923,16.439682539682547,16.06507936507936,16.419047619047614,16.247619047619047,16.020634920634922,16.244444444444444,16.12698412698412,16.45079365079365,16.482539682539677,15.939682539682542,15.941269841269838,16.43015873015873,16.37301587301587,16.8,16.08888888888889,16.146031746031746,15.641269841269835,15.899999999999997,16.836507936507935,16.666666666666664,16.168253968253968,16.099999999999998,16.047619047619047
16.09365079365079,16.665079365079368,16.257142857142856,16.530158730158732,16.160317460317454,16.09206349206349,16.249206349206354,16.439682539682547,16.042857142857137,16.419047619047614,16.247619047619047,16.020634920634922,16.244444444444444,16.12698412698412,16.45079365079365,16.460317460317455,15.939682539682542,15.941269841269838,16.40634920634921,16.369841269841267,16.8,16.08888888888889,16.146031746031746,15.641269841269835,15.899999999999997,16.815873015873013,16.660317460317454,16.168253968253968,16.077777777777776,16.047619047619047
16.09365079365079,16.642857142857146,16.257142857142856,16.530158730158732,16.160317460317454,16.022222222222222,16.249206349206354,16.439682539682547,16.042857142857137,16.374603174603166,16.247619047619047,16.020634920634922,16.244444444444444,16.1079365079365,16.45079365079365,16.439682539682536,15.939682539682542,15.941269841269838,16.40634920634921,16.347619047619045,16.8,16.08888888888889,16.146031746031746,15.641269841269835,15.899999999999997,16.815873015873013,16.636507936507932,16.168253968253968,16.077777777777776,16.047619047619047
16.09365079365079,16.642857142857146,16.236507936507937,16.51111111111111,16.160317460317454,16.022222222222222,16.24761904761905,16.439682539682547,16.042857142857137,16.34920634920634,16.247619047619047,16.020634920634922,16.24285714285714,16.03650793650793,16.45079365079365,16.41587301587301,15.895238095238096,15.941269841269838,16.40634920634921,16.347619047619045,16.8,16.08888888888889,16.1015873015873,15.638095238095234,15.858730158730157,16.815873015873013,16.636507936507932,16.168253968253968,16.077777777777776,16.047619047619047
16.09365079365079,16.61746031746032,16.236507936507937,16.46666666666666,16.160317460317454,15.996825396825393,16.24761904761905,16.439682539682547,16.042857142857137,16.34920634920634,16.195238095238093,15.9984126984127,16.24285714285714,16.03650793650793,16.45079365079365,16.414285714285707,15.895238095238096,15.941269841269838,16.38253968253968,16.347619047619045,16.753968253968253,16.08888888888889,16.1015873015873,15.638095238095234,15.858730158730157,16.815873015873013,16.61269841269841,16.168253968253968,16.077777777777776,16.047619047619047
16.09365079365079,16.61746031746032,16.236507936507937,16.46666666666666,16.160317460317454,15.996825396825393,16.24761904761905,16.439682539682547,16.042857142857137,16.34920634920634,16.195238095238093,15.9984126984127,16.24285714285714,16.03650793650793,16.45079365079365,16.414285714285707,15.895238095238096,15.941269841269838,16.38253968253968,16.347619047619045,16.753968253968253,16.08888888888889,16.1015873015873,15.638095238095234,15.858730158730157,16.793650793650794,16.585714285714282,16.168253968253968,16.077777777777776,16.047619047619047
16.09365079365079,16.61746031746032,16.236507936507937,16.46666666666666,16.160317460317454,15.996825396825393,16.24761904761905,16.439682539682547,16.042857142857137,16.326984126984122,16.146031746031746,15.9984126984127,16.24285714285714,16.03650793650793,16.45079365079365,16.368253968253967,15.895238095238096,15.941269841269838,16.34126984126984,16.284126984126985,16.753968253968253,16.08888888888889,16.1015873015873,15.638095238095234,15.858730158730157,16.77142857142857,16.585714285714282,16.168253968253968,16.077777777777776,16.04444444444444
16.09365079365079,16.61746031746032,16.236507936507937,16.46666666666666,16.136507936507932,15.996825396825393,16.24603174603175,16.439682539682547,16.042857142857137,16.326984126984122,16.1031746031746,15.931746031746034,16.24285714285714,16.01587301587301,16.45079365079365,16.31587301587301,15.850793650793655,15.941269841269838,16.26984126984127,16.282539682539685,16.752380952380953,16.08888888888889,16.1015873015873,15.638095238095234,15.858730158730157,16.766666666666662,16.585714285714282,16.168253968253968,16.058730158730157,16.04444444444444
16.09206349206349,16.5952380952381,16.21428571428571,16.42222222222222,16.136507936507932,15.952380952380953,16.174603174603178,16.439682539682547,16.042857142857137,16.326984126984122,16.08253968253968,15.931746031746034,16.24285714285714,16.01269841269841,16.428571428571423,16.31428571428571,15.850793650793655,15.941269841269838,16.26984126984127,16.27777777777778,16.73174603174603,16.08888888888889,16.1015873015873,15.638095238095234,15.858730158730157,16.698412698412692,16.541269841269838,16.168253968253968,16.033333333333335,16.04444444444444
16.04761904761905,16.5952380952381,16.146031746031742,16.4031746031746,16.117460317460317,15.952380952380953,16.133333333333336,16.417460317460325,16.042857142857137,16.282539682539678,16.08253968253968,15.931746031746034,16.24285714285714,15.988888888888884,16.428571428571423,16.31428571428571,15.850793650793655,15.941269841269838,16.26984126984127,16.211111111111112,16.73174603174603,16.08888888888889,16.060317460317457,15.638095238095234,15.858730158730157,16.698412698412692,16.49523809523809,16.168253968253968,16.006349206349206,16.04444444444444
16.04761904761905,16.5952380952381,16.146031746031742,16.376190476190473,16.117460317460317,15.952380952380953,16.133333333333336,16.417460317460325,16.042857142857137,16.282539682539678,16.08253968253968,15.90793650793651,16.24285714285714,15.988888888888884,16.428571428571423,16.31428571428571,15.850793650793655,15.941269841269838,16.241269841269837,16.211111111111112,16.73174603174603,16.08888888888889,16.039682539682538,15.592063492063486,15.858730158730157,16.698412698412692,16.49365079365079,16.123809523809523,16.006349206349206,16.04444444444444
16.04761904761905,16.576190476190476,16.146031746031742,16.349206349206344,16.117460317460317,15.952380952380953,16.133333333333336,16.417460317460325,16.042857142857137,16.282539682539678,16.08253968253968,15.863492063492064,16.24285714285714,15.988888888888884,16.426984126984124,16.28888888888888,15.850793650793655,15.941269841269838,16.198412698412696,16.211111111111112,16.706349206349206,16.08888888888889,16.039682539682538,15.592063492063486,15.858730158730157,16.698412698412692,16.47301587301587,16.123809523809523,16.006349206349206,16.04444444444444
16.04285714285714,16.576190476190476,16.146031746031742,16.349206349206344,16.117460317460317,15.952380952380953,16.12857142857143,16.417460317460325,16.042857142857137,16.282539682539678,16.08253968253968,15.863492063492064,16.24285714285714,15.988888888888884,16.426984126984124,16.28888888888888,15.850793650793655,15.941269841269838,16.198412698412696,16.211111111111112,16.67936507936508,16.08888888888889,16.039682539682538,15.592063492063486,15.858730158730157,16.698412698412692,16.42539682539682,16.01269841269841,15.984126984126984,15.977777777777776
16.04285714285714,16.44126984126984,16.146031746031742,16.349206349206344,16.117460317460317,15.793650793650794,16.123809523809523,16.40158730158731,16.02063492063492,16.282539682539678,16.08253968253968,15.841269841269844,16.24285714285714,15.988888888888884,16.426984126984124,16.24761904761904,15.850793650793655,15.89523809523809,16.196825396825396,16.211111111111112,16.676190476190477,16.000000000000004,16.039682539682538,15.592063492063486,15.858730158730157,16.698412698412692,16.355555555555547,16.01269841269841,15.984126984126984,15.977777777777776
16.04285714285714,16.42063492063492,16.077777777777772,16.349206349206344,16.117460317460317,15.792063492063495,16.123809523809523,16.37619047619048,16.02063492063492,16.282539682539678,16.08253968253968,15.841269841269844,16.24285714285714,15.988888888888884,16.426984126984124,16.24761904761904,15.847619047619048,15.849206349206348,16.196825396825396,16.18253968253968,16.61111111111111,16.000000000000004,16.039682539682538,15.592063492063486,15.858730158730157,16.698412698412692,16.355555555555547,16.01269841269841,15.984126984126984,15.977777777777776
16.04285714285714,16.42063492063492,16.030158730158725,16.349206349206344,16.092063492063488,15.792063492063495,16.123809523809523,16.37619047619048,16.02063492063492,16.282539682539678,16.060317460317457,15.841269841269844,16.24285714285714,15.988888888888884,16.426984126984124,16.173015873015867,15.847619047619048,15.849206349206348,16.196825396825396,16.18253968253968,16.61111111111111,15.979365079365083,16.039682539682538,15.592063492063486,15.858730158730157,16.657142857142855,16.355555555555547,16.011111111111106,15.984126984126984,15.977777777777776
16.04285714285714,16.42063492063492,15.939682539682536,16.349206349206344,16.068253968253966,15.72063492063492,16.123809523809523,16.37619047619048,16.02063492063492,16.282539682539678,16.060317460317457,15.841269841269844,16.24285714285714,15.988888888888884,16.426984126984124,16.173015873015867,15.847619047619048,15.849206349206348,16.196825396825396,16.18253968253968,16.56507936507937,15.866666666666669,16.039682539682538,15.569841269841266,15.858730158730157,16.65396825396825,16.355555555555547,16.011111111111106,15.984126984126984,15.977777777777776
16.04285714285714,16.344444444444445,15.938095238095235,16.347619047619045,16.04444444444444,15.72063492063492,16.123809523809523,16.28412698412699,16.02063492063492,16.282539682539678,16.039682539682538,15.841269841269844,16.24285714285714,15.988888888888884,16.426984126984124,16.173015873015867,15.8,15.847619047619043,16.196825396825396,16.18253968253968,16.56507936507937,15.866666666666669,16.039682539682538,15.522222222222217,15.858730158730157,16.555555555555554,16.353968253968247,16.011111111111106,15.984126984126984,15.977777777777776
16.04285714285714,16.296825396825394,15.938095238095235,16.347619047619045,16.02222222222222,15.72063492063492,16.123809523809523,16.28412698412699,15.95396825396825,16.261904761904756,16.039682539682538,15.841269841269844,16.24285714285714,15.988888888888884,16.426984126984124,16.173015873015867,15.8,15.847619047619043,16.196825396825396,16.18253968253968,16.56507936507937,15.866666666666669,16.039682539682538,15.522222222222217,15.858730158730157,16.555555555555554,16.353968253968247,15.987301587301584,15.984126984126984,15.977777777777776
16.01904761904762,16.296825396825394,15.938095238095235,16.347619047619045,16.02222222222222,15.72063492063492,16.123809523809523,16.28412698412699,15.95396825396825,16.261904761904756,16.039682539682538,15.841269841269844,16.219047619047615,15.988888888888884,16.426984126984124,16.173015873015867,15.8,15.847619047619043,16.196825396825396,16.18253968253968,16.56507936507937,15.866666666666669,16.039682539682538,15.522222222222217,15.858730158730157,16.555555555555554,16.353968253968247,15.892063492063492,15.980952380952381,15.977777777777776
