19.8354947154
19.0386463345
18.40310373
17.8379992657
17.3561140958
16.939116933
16.5909456736
16.3083391114
16.0657387713
15.8733316985
15.6974865579
15.5521835763
15.4302391255
15.3179966374
15.2169209221
15.1263129696
15.0433696673
14.9618382552
14.8948732315
14.8252017161
14.7659480317
14.7092959371
14.6563793377
14.6063031145
14.5646656676
14.5228187128
14.4848204534
14.4488071336
14.4153996144
14.385040407
14.3541201961
14.326007826
14.2934759592
14.2673281712
14.2442781015
14.216994801
14.1952671585
14.173960779
14.1516136023
14.1306172838
14.1121846917
14.0932191497
14.0753090767
14.0583181426
14.0424742562
14.0263869642
14.0110822804
13.998399227
13.9838440652
13.9700286598
13.9585457863
13.9454921185
13.933408072
13.9206466752
13.907723036
13.8962806072
13.8837773853
13.8738446015
13.8643545966
13.8541999263
13.8448672615
13.8364219087
13.8266183519
13.8182684148
13.8095185799
13.8020071854
13.7928927736
13.7856528571
13.7777646999
13.7708919908
13.7638262616
13.7572644734
13.7502122544
13.7419633321
13.7366108807
13.7312144474
13.7257242112
13.7193543042
13.712518451
13.7068114249
13.7006152179
13.6943032505
13.6887567283
13.6819992742
13.6751104607
13.6689630386
13.6632059249
13.65788418
13.6533915344
13.6486123761
13.6445128339
13.6397452281
13.6348880959
13.6299509092
13.6251398084
13.6205576347
13.6157561356
13.6115886036
13.6064148243
13.6026887137
