27.3019259259
27.5257037037
27.8614074074
28.222962963
28.5131851852
28.7574814815
28.898
29.0247407407
29.0997777778
29.1274814815
29.1463703704
29.1935555556
29.1684444444
29.1931111111
29.1832592593
29.2065185185
29.248
29.2743703704
29.2359259259
29.2135555556
29.2118518519
29.2400740741
29.2428148148
29.2458518519
29.2488888889
29.2508148148
29.2677777778
29.2368148148
29.2193333333
29.2446666667
29.2268148148
29.2081481481
29.2345185185
29.2338518519
29.2475555556
29.2142222222
29.2380740741
29.2424444444
29.202962963
29.2148148148
29.221037037
29.2131851852
29.2186666667
29.1960740741
29.2022962963
29.206962963
29.2251851852
29.1822962963
29.2033333333
29.2088148148
29.2126666667
29.2015555556
29.2216296296
29.2332592593
29.2258518519
29.1845925926
29.2251111111
29.2205185185
29.2248888889
29.2057777778
29.2094074074
29.2098518519
29.2166666667
29.2285185185
29.2208148148
29.2260740741
29.2084444444
29.2212592593
29.2080740741
29.2155555556
29.2011111111
29.1955555556
29.2097777778
29.1962962963
29.218
29.2118518519
29.2215555556
29.2257037037
29.2322222222
29.196
29.2207407407
29.2314814815
29.2248888889
29.1994074074
29.2272592593
29.2173333333
29.1996296296
29.2125925926
29.2099259259
29.1994074074
29.2344444444
29.2088148148
29.2196296296
29.2262222222
29.2261481481
29.2219259259
29.2154814815
29.2279259259
29.2162962963
29.2138518519
