28.6
27.6
26.1666666667
24.9666666667
24.0
22.8666666667
22.4
21.5333333333
21.0
20.4333333333
19.8333333333
19.6666666667
19.1333333333
18.7333333333
18.4666666667
18.2333333333
18.1666666667
17.9666666667
17.9666666667
17.6333333333
17.8
17.4
17.2333333333
17.3666666667
17.4333333333
17.1
17.1
17.0666666667
16.9333333333
16.8666666667
16.8666666667
16.6
16.5666666667
16.5333333333
16.5333333333
16.6333333333
16.6
16.7
16.5333333333
16.5
16.4
16.3
16.3666666667
16.3333333333
16.0666666667
16.2
15.9
16.2
15.9
16.1666666667
16.1
15.9333333333
15.9666666667
15.9333333333
15.9666666667
16.1
15.8666666667
15.9
16.2
15.7333333333
15.7333333333
15.8333333333
15.9666666667
15.8666666667
15.8666666667
15.9
15.8666666667
15.8333333333
15.7666666667
15.7666666667
15.8333333333
15.9333333333
15.9
16.0333333333
15.8333333333
16.0
15.8333333333
15.8333333333
15.8666666667
15.8
16.0666666667
16.0
15.8
15.8666666667
15.6
15.8666666667
15.9333333333
16.0333333333
15.8
15.7333333333
15.9
15.9
15.8
16.0333333333
15.7666666667
15.8666666667
15.5333333333
15.9333333333
15.6666666667
15.6333333333
