20.1138294816
18.881952905
18.1227828333
17.556264409
17.1287029669
16.7620306383
16.4564477482
16.2670280963
16.0387766041
15.8605398615
15.6878784548
15.5839740604
15.5193046934
15.4128464535
15.3290379895
15.2255410922
15.2107627021
15.1561958731
15.0840189968
15.050961446
15.0201449467
14.9692867468
14.9184184965
14.8767471304
14.8604216761
14.8912815928
14.8333074315
14.8297462222
14.8038053492
14.7840383801
14.8013813516
14.7691183953
14.7342413485
14.7698588757
14.7167142633
14.7192131606
14.6962607345
14.6657031801
14.6570380564
14.6748114196
14.6403942656
14.685378843
14.6407521839
14.6318898741
14.6749825808
14.6486836542
14.6047946649
14.5889607042
14.6319295
14.5939378887
14.642868018
14.6154008286
14.6155890135
14.5972640516
14.590556969
14.6178067527
14.6004759649
14.5625009153
14.5692675627
14.5477875857
14.5909438787
14.5903729094
14.5883097706
14.5886174438
14.5434567469
14.541163954
14.5762565478
14.5262281572
14.542383902
14.5186239928
14.5168802917
14.5706448476
14.5931993949
14.5356070046
14.5526064385
14.51123354
14.5209368734
14.4923902253
14.5139085718
14.4707737577
14.4903515664
14.5041482757
14.5296949475
14.5401058106
14.4947879622
14.5247449825
14.5290833455
14.511620988
14.4739105649
14.5280539183
14.4997468387
14.5204898461
14.5147334422
14.5016428536
14.4761551978
14.512442499
14.4907748943
14.5371929574
14.5123325954
14.4771120772
