13.0111111111
12.7311111111
12.3422222222
11.9911111111
11.6444444444
11.2822222222
10.9555555556
10.6688888889
10.3911111111
10.1377777778
9.83333333333
9.56444444444
9.32444444444
9.1
8.90666666667
8.73333333333
8.59333333333
8.44
8.29111111111
8.16888888889
8.05555555556
7.96888888889
7.90666666667
7.81333333333
7.72
7.67111111111
7.59333333333
7.52444444444
7.46666666667
7.41333333333
7.37555555556
7.32444444444
7.26222222222
7.22
7.20444444444
7.18222222222
7.18666666667
7.16
7.12888888889
7.15777777778
7.17555555556
7.20444444444
7.20444444444
7.20444444444
7.22666666667
7.23333333333
7.23555555556
7.27111111111
7.30888888889
7.34222222222
7.33777777778
7.35111111111
7.36222222222
7.38
7.41555555556
7.38444444444
7.43777777778
7.42888888889
7.42
7.46
7.45333333333
7.44
7.45777777778
7.49111111111
7.47777777778
7.45777777778
7.45555555556
7.44666666667
7.49111111111
7.54444444444
7.58888888889
7.65555555556
7.66888888889
7.68
7.66888888889
7.66888888889
7.72444444444
7.73777777778
7.75333333333
7.75555555556
7.74666666667
7.75333333333
7.75333333333
7.73111111111
7.71777777778
7.69555555556
7.66888888889
7.65777777778
7.62666666667
7.59555555556
7.58444444444
7.59111111111
7.58
7.58222222222
7.61333333333
7.59555555556
7.60888888889
7.60222222222
7.60444444444
7.57111111111
