6.70780229342
5.8411603683
5.19704832615
4.68017500517
4.27424254731
3.93617409913
3.63761487634
3.38044610719
3.1509731301
2.94102955205
2.76748677193
2.60234985084
2.44697854894
2.30237467389
2.16832820072
2.05297684738
1.94512340352
1.84474795578
1.7494893307
1.65910441322
1.57752375877
1.49116026624
1.41394848954
1.33976503433
1.27321353603
1.20935934759
1.14963207995
1.09201657426
1.0350224653
0.983489199423
0.933206689076
0.882106566985
0.839316830998
0.800022881412
0.755296891292
0.716012829554
0.678448833677
0.641373498451
0.608043837163
0.574751404953
0.5431897471
0.510858881563
0.483152720667
0.455679441384
0.425798899517
0.402250770735
0.377071031471
0.353212831724
0.328492480212
0.306568434241
0.285329219459
0.26345753021
0.24350181978
0.224228904364
0.205505464122
0.185960068756
0.167708088828
0.15170195835
0.133998312351
0.119991181342
0.102732652845
0.088046543593
0.0738299750066
0.0592654005204
0.0472327483175
0.0339481492739
0.0211753222124
0.00854616784457
-0.00495828387679
-0.0167862987996
-0.0287378078406
-0.0403000866388
-0.0514571512252
-0.0630706943673
-0.0736462405069
-0.0847754387797
-0.0952826279722
-0.104494265028
-0.113351173998
-0.122483272501
-0.131417462344
-0.141633153181
-0.149915139391
-0.157356625773
-0.165510788293
-0.173726049889
-0.180512142537
-0.189251113688
-0.196425278705
-0.203413432806
-0.209988255187
-0.216252580178
-0.222824918955
-0.228612491245
-0.23508671374
-0.242322804017
-0.2490921415
-0.254628964259
-0.259860815751
-0.26575637411
