1.03653361682
0.826198348398
0.617786660943
0.445254171759
0.300144237959
0.166799274721
0.0459195542421
-0.0601292773558
-0.145939579225
-0.228214061673
-0.305250144719
-0.375043876493
-0.430763396713
-0.480984092519
-0.521845402807
-0.559907192796
-0.590616777499
-0.61850361649
-0.641223171271
-0.661364880718
-0.678919181404
-0.692194051536
-0.704390990306
-0.716272878283
-0.725677637972
-0.733324946639
-0.73823957803
-0.741758269892
-0.744672312376
-0.743841567522
-0.741928332311
-0.738569828951
-0.733484227431
-0.725052368346
-0.714765705563
-0.705711413812
-0.695857393972
-0.688813524758
-0.682891146997
-0.676283200901
-0.669327383306
-0.671411610183
-0.672434746851
-0.672178530344
-0.672079382802
-0.669502800336
-0.672131308217
-0.666593072968
-0.664137370059
-0.670692449395
-0.668569756178
-0.672260686467
-0.677627701956
-0.678291664011
-0.675390892821
-0.677581439171
-0.674724067177
-0.677165548543
-0.676411721216
-0.672932442585
-0.6714176723
-0.673034638354
-0.671861197331
-0.664600377482
-0.666709447666
-0.665023630083
-0.664237034047
-0.660294734074
-0.652217326395
-0.642167490141
-0.634137512515
-0.62458489079
-0.616974736395
-0.618799133281
-0.623680881463
-0.620553344897
-0.622692873228
-0.623326236802
-0.62764299643
-0.634348805566
-0.639607840005
-0.637145757142
-0.640803094379
-0.642672276354
-0.652042247931
-0.657871597778
-0.665341290096
-0.662648806762
-0.663744038954
-0.673338284421
-0.666576703133
-0.668700039988
-0.665016029119
-0.662675540281
-0.659694858394
-0.659704560551
-0.656980520402
-0.652947601062
-0.654246816402
-0.656709374285
