2.08691329374
1.80377761773
1.43996338577
1.17842559489
0.914592087924
0.686592701923
0.486920488478
0.296801584018
0.16690101043
0.0177959617509
-0.130081479636
-0.251325516376
-0.339973559832
-0.42747960213
-0.490704362438
-0.5448632752
-0.590809998115
-0.637582039854
-0.672456623471
-0.698423014175
-0.72063187672
-0.73807441901
-0.75263037076
-0.763075598542
-0.772686545958
-0.780435292039
-0.786234000329
-0.791141882285
-0.795629675338
-0.799108199369
-0.801410062673
-0.803829633661
-0.805699046578
-0.807476766233
-0.808980293687
-0.809705729242
-0.808596100664
-0.807408962895
-0.80815380204
-0.79955679646
-0.798605205829
-0.789545418187
-0.770631538039
-0.7434789127
-0.697346244571
-0.678894901384
-0.637345016625
-0.557888619039
-0.505874437774
-0.454761258712
-0.379024811853
-0.334180897544
-0.327895580324
-0.292002655712
-0.266985028991
-0.262844816024
-0.252143527739
-0.280054461005
-0.328643455294
-0.37204285798
-0.420285508863
-0.440073565903
-0.477037368302
-0.526042607638
-0.601764631606
-0.614800209958
-0.657024525784
-0.659237551411
-0.709312655274
-0.72183431942
-0.729283266699
-0.741482140787
-0.7664348458
-0.783372415293
-0.799250508625
-0.771595163288
-0.764305491369
-0.745714603587
-0.749373076241
-0.751601538686
-0.737015496122
-0.722240075952
-0.70261325186
-0.665758006257
-0.642933316891
-0.621894726639
-0.608832064302
-0.495117987518
-0.444601819892
-0.461037856882
-0.336606949721
-0.335177126167
-0.321959738327
-0.337435306389
-0.362974110562
-0.382314436304
-0.409468212038
-0.461030349157
-0.472414924982
-0.503366736579
