21.4039259306
20.8036167119
20.3716234723
19.9530249399
19.6113446628
19.3283628933
19.077237428
18.8580730087
18.6591665409
18.4749218595
18.3142081166
18.165758257
18.0278895189
17.9104383952
17.7944489135
17.6912387047
17.6021478377
17.5102430515
17.4351328109
17.3578965787
17.2908937124
17.2266643321
17.1702330631
17.1157504548
17.0676385305
17.0197659621
16.9712435653
16.9269860401
16.8902167599
16.851348476
16.8122127544
16.7763879793
16.7451166414
16.7170028073
16.68933609
16.6615819166
16.6312125599
16.6064199596
16.5829999822
16.5602077014
16.5353635093
16.5126889685
16.493201218
16.4748292287
16.4535457427
16.4367971348
16.418665578
16.4014950191
16.3850339691
16.3694255607
16.355188685
16.3417830073
16.3285156327
16.3167726622
16.3021649496
16.2892434758
16.2765453822
16.2631287724
16.250393523
16.237394997
16.2256882661
16.2151274208
16.2040391688
16.1923029133
16.1835689932
16.1728853995
16.165642115
16.1557083551
16.1470417152
16.138284697
16.1293607995
16.119440955
16.1114482607
16.1031820958
16.0945335813
16.0855936991
16.0767218296
16.0694362524
16.061154932
16.0551188159
16.0486369184
16.0410484405
16.0339443978
16.0276952425
16.0213928902
16.0155292248
16.0095721166
16.0025578134
15.9962744654
15.9905958934
15.9855621393
15.9797611577
15.9728582481
15.9667827972
15.9607064581
15.9552103401
15.949058513
15.9408320007
15.9354563482
15.9302167363
