28.96
29.3133333333
29.64
29.7488888889
29.9755555556
30.0
30.0822222222
30.0711111111
30.1088888889
30.1044444444
30.0866666667
30.1311111111
30.1777777778
30.1244444444
30.1844444444
30.1911111111
30.24
30.1644444444
30.1844444444
30.1688888889
30.2133333333
30.16
30.1377777778
30.1177777778
30.1577777778
30.0911111111
30.0733333333
30.0555555556
30.1177777778
30.0688888889
30.0511111111
30.02
29.9622222222
29.8888888889
29.8488888889
29.8644444444
29.86
29.8488888889
29.8333333333
29.84
29.8511111111
29.7866666667
29.8088888889
29.7977777778
29.7822222222
29.7355555556
29.7422222222
29.7511111111
29.6977777778
29.7266666667
29.68
29.6711111111
29.6266666667
29.6666666667
29.6577777778
29.6488888889
29.6311111111
29.6133333333
29.62
29.5777777778
29.6066666667
29.5688888889
29.5577777778
29.5777777778
29.5977777778
29.5977777778
29.5666666667
29.56
29.6044444444
29.5666666667
29.5511111111
29.5555555556
29.5488888889
29.5488888889
29.5577777778
29.5555555556
29.5
29.5244444444
29.5511111111
29.5444444444
29.5666666667
29.5377777778
29.5533333333
29.5533333333
29.5444444444
29.4955555556
29.4933333333
29.4844444444
29.4777777778
29.5355555556
29.5
29.46
29.4155555556
29.4244444444
29.4511111111
29.4511111111
29.4488888889
29.4288888889
29.4177777778
29.4377777778
