5.93633230901
4.57797021628
3.63031714454
2.92670321547
2.3272839459
1.9035204241
1.55151925845
1.24649420897
1.01492688401
0.829315034195
0.662418563072
0.540832304917
0.42112424196
0.32618808934
0.238446148067
0.152182108639
0.104737761589
0.0462842220728
0.00274133596898
-0.0395542876706
-0.0805065907151
-0.111858240675
-0.149733936628
-0.181035295029
-0.201911048938
-0.227539880997
-0.250123746179
-0.266257151068
-0.2861456552
-0.298528984369
-0.311352508462
-0.329027453929
-0.343658947616
-0.351516173226
-0.361767049663
-0.372004863545
-0.380079830576
-0.391793469148
-0.404097247979
-0.416137302398
-0.417540097828
-0.422133710763
-0.432843489942
-0.440771375984
-0.448542068394
-0.455731246987
-0.456033844675
-0.460798778237
-0.468973770412
-0.470921369477
-0.479717309582
-0.485491639649
-0.483347499235
-0.486719677932
-0.487399947105
-0.492651498437
-0.497665205763
-0.502151702316
-0.504368983885
-0.510355626981
-0.511980055283
-0.507048345387
-0.515966603631
-0.525848190785
-0.526939452121
-0.524249119068
-0.525851779855
-0.528661034717
-0.526273606079
-0.532657523307
-0.529507909347
-0.533147290571
-0.530070559458
-0.53602365796
-0.539660358055
-0.541048599946
-0.543609915896
-0.54646128225
-0.545943212906
-0.549961360647
-0.555692113116
-0.549463466217
-0.5525280292
-0.547334098149
-0.554705108467
-0.556840605466
-0.556440209172
-0.55825233181
-0.563390220679
-0.558682429991
-0.564712290035
-0.561331874207
-0.561754549787
-0.56973744121
-0.56593819825
-0.565967496037
-0.568681235478
-0.576931471639
-0.573825787787
-0.573043544842
