5.84111003489
4.46591790089
3.56425239735
2.97043934412
2.51069110879
2.11548506264
1.81623184038
1.55098456204
1.31523844184
1.17599388816
1.02465845476
0.901793005553
0.797860005583
0.706623785305
0.62787253108
0.557464742288
0.475751724069
0.436900779927
0.398493776231
0.33151796402
0.31917142781
0.260302535093
0.246741263653
0.204371734428
0.186972596357
0.158038744585
0.135836544001
0.117121967781
0.0888744749082
0.0690174868407
0.0618723973251
0.035879177209
0.0294192773225
0.00498918580982
-0.0121099180822
-0.018619146455
-0.0335990876735
-0.040782894998
-0.0540649740517
-0.0626612627393
-0.0666008954185
-0.0664279704835
-0.0799902584009
-0.0992494636865
-0.103296883745
-0.114644272157
-0.115954151786
-0.126552622872
-0.134107337001
-0.141284805024
-0.145758600454
-0.144399228273
-0.154340017799
-0.164424351928
-0.166928052932
-0.172037540501
-0.172937815863
-0.182321300869
-0.184141055303
-0.188848711324
-0.188263392477
-0.188770212517
-0.191494487385
-0.201159291853
-0.204702591867
-0.197500169082
-0.193271605739
-0.209962342875
-0.208361408158
-0.215404659288
-0.216427018882
-0.220556573609
-0.223438182587
-0.224804275687
-0.222991358997
-0.224507409775
-0.230718680762
-0.230336159334
-0.234624351484
-0.24141793479
-0.234911587365
-0.243891045298
-0.239024369088
-0.235583255253
-0.23412944858
-0.236812817907
-0.247297511209
-0.245885415807
-0.248719526729
-0.251262834549
-0.249616985145
-0.243814830224
-0.254649098985
-0.261592449973
-0.255292733215
-0.260691963218
-0.261259754371
-0.26227877189
-0.274373528882
-0.263086307877
