19.9939734116
18.7003551977
17.9692518222
17.4940447897
17.0933077294
16.8570571365
16.67049858
16.4484556191
16.2917763551
16.1398054466
16.0316478214
15.9741164085
15.8301954204
15.8063654423
15.7426923666
15.6554514993
15.643434412
15.5699956429
15.5917326213
15.5167363787
15.5391487731
15.4908432564
15.4610983154
15.4512542631
15.405470162
15.3984084214
15.413341391
15.4434620688
15.3351797183
15.3302851378
15.3309986638
15.3376438534
15.3262782921
15.3085074867
15.294270588
15.2985055611
15.2837181041
15.2642247469
15.260003044
15.2683124235
15.2539952205
15.1994431436
15.2497985266
15.2507629063
15.213237628
15.1935524548
15.2016660606
15.2292916267
15.1639196695
15.1656042077
15.1483667607
15.2085070466
15.1917368283
15.1604708748
15.1535727084
15.1617007917
15.1979394849
15.130783039
15.1402588898
15.1216532803
15.1551233124
15.1518940551
15.1633993159
15.1254138426
15.145051727
15.1357526214
15.1445155187
15.0589176836
15.1231850202
15.0890470564
15.1156305348
15.1211172823
15.1455662186
15.0704228035
15.1170156867
15.1128030001
15.1030134903
15.094084474
15.0948206586
15.1443423833
15.1006424543
15.0650671949
15.1180954945
15.0826272835
15.0805819
15.0473327321
15.0551096185
15.0926581095
15.1457499292
15.0919026544
15.0656274754
15.1037533489
15.0849380528
15.0518971225
15.0428458606
15.0635428983
15.0412978317
15.0215770387
15.0369774495
15.0814452639
