9.67022523619
7.17198607922
5.54297910203
4.43434822413
3.6652522563
3.0201560872
2.45657668386
2.07761964988
1.6653743363
1.39584524736
1.119155567
0.906476399557
0.761282544198
0.681548484242
0.536827664018
0.429840232153
0.344169085179
0.299359701526
0.267256521874
0.180424208847
0.137671861513
0.0739951827917
0.064823641321
0.0167852106092
0.005394900905
-0.0445078998601
-0.0630713129792
-0.0397359575153
-0.0797720606174
-0.125062074156
-0.131897129768
-0.156315920196
-0.180343129586
-0.176619967516
-0.197849629392
-0.22025031192
-0.209883312548
-0.228816599307
-0.244503191575
-0.197035711177
-0.229182727956
-0.219956711029
-0.230002435063
-0.244928585346
-0.288758525388
-0.263801183444
-0.250844429534
-0.263034628248
-0.266301052441
-0.263950449124
-0.256750535852
-0.244402867628
-0.254085444416
-0.239965201943
-0.245046626207
-0.256920203909
-0.249932149368
-0.250579820232
-0.269247341417
-0.272992077855
-0.294802676344
-0.273781437231
-0.250244434989
-0.275517426965
-0.259778288179
-0.24886076353
-0.273109582148
-0.281216672794
-0.286236223519
-0.285405516261
-0.253877411985
-0.290905635145
-0.291717106296
-0.276249549021
-0.272689012314
-0.297151518378
-0.266383338677
-0.296523256681
-0.281279209597
-0.297734119045
-0.294488178535
-0.300154051969
-0.316593851959
-0.304022296053
-0.303039946107
-0.305694301997
-0.290036748833
-0.298265069062
-0.299562805243
-0.310997386471
-0.299724419663
-0.304175697319
-0.286133187886
-0.297833083757
-0.289658461837
-0.31090236711
-0.336517188435
-0.314283688788
-0.339935723156
-0.30343392744
