20.4165205646
19.3820256968
18.654130087
18.1295383636
17.7342274054
17.4036374962
17.1397790688
16.9198436108
16.7122309536
16.5338584715
16.3820084624
16.2369216503
16.1029870482
15.9823179012
15.8663962367
15.7669189461
15.665003709
15.5673862179
15.4763901437
15.3976038347
15.3152335189
15.2419857005
15.1694243639
15.0998307386
15.0359955416
14.9702861244
14.9076839654
14.8465560259
14.7855947745
14.731066901
14.6809886233
14.6274970482
14.5737909254
14.5251088866
14.4784209202
14.4372318316
14.3935950729
14.3507629169
14.3069381058
14.2633268391
14.2265354148
14.1887895788
14.1503868838
14.1158231876
14.0829434055
14.0528648561
14.0203762452
13.99142459
13.9640992375
13.9343758117
13.9060748808
13.8788260987
13.8530639016
13.8296449612
13.8054030558
13.7828864786
13.7590782615
13.7377487649
13.7166719825
13.6954780075
13.6743257221
13.6528759933
13.63385498
13.6132089247
13.5933453768
13.5740240174
13.5571025383
13.5414605794
13.5244256669
13.5078817764
13.491242306
13.4751908656
13.4590219273
13.4436708952
13.4320366729
13.4182013994
13.405480111
13.390852023
13.3786157963
13.3666572945
13.3538398994
13.343038782
13.3304079588
13.3211474152
13.3105049024
13.2993116172
13.2896761082
13.2805178824
13.2707920416
13.2611775157
13.2529322957
13.2446856047
13.2359099757
13.227771178
13.2199977591
13.2110049744
13.2032256523
13.1945786833
13.1881101516
13.1807934221
