21.7899721207
21.6076135803
21.4434561797
21.2891228317
21.1574690898
21.0226055628
20.9034733725
20.7833159172
20.6752215966
20.5638981484
20.4659200907
20.3556734418
20.2678164046
20.1808631965
20.1044690189
20.02452462
19.9516027077
19.8730811157
19.802208401
19.7351107462
19.6669692746
19.6015222785
19.5369732696
19.4721740822
19.4073589583
19.343298705
19.2863648491
19.2286742356
19.178353288
19.1211096238
19.072362852
19.0170426592
18.9706243148
18.9337844698
18.8923991115
18.8473028503
18.8151745044
18.7830325599
18.742775679
18.7071650017
18.6675535581
18.6334645017
18.6017417
18.5729828494
18.5449728783
18.5057891305
18.4829385093
18.4564693761
18.4439593776
18.428152739
18.4056423474
18.3914686147
18.3710063998
18.3533499
18.3373167044
18.3176883448
18.2965751549
18.2842820717
18.2755519263
18.2657822685
18.2531541636
18.236930663
18.21967001
18.2080550132
18.1956639618
18.1787836087
18.1768819419
18.1657412586
18.1664131659
18.1550599032
18.1521623867
18.1344496203
18.1164109122
18.1058594871
18.0956443676
18.0967342783
18.0832213131
18.0654223235
18.050849872
18.0389035172
18.0447911778
18.0373109832
18.0258021836
18.0105440428
18.0135743568
18.0155140401
18.0269382909
18.0236029244
18.0219327213
18.0174816519
18.0171253002
18.007813363
17.9873156561
17.9904082429
17.9827771104
17.9832216612
17.977329195
17.9836493894
17.9801146159
17.9737892917
