2.19700330239,1.95771888862,1.86308601627,2.0731203718,2.19100981931,2.61882661779,2.24168194319,2.2347507825,2.60603518087,2.10818551169,2.01492595014,2.30746701467,1.89084060721,1.31330979098,2.19547057183,2.23019005834,2.03878315684,1.62409033007,1.8357245851,2.82159067876,2.2063334784,1.61811596537,1.94496133238,1.85651423377,1.83578438575,2.23212807787,2.04399048832,2.05739213311,1.98293946527,2.46542807365
1.92402987025,1.81270595943,1.52502148661,1.80712643964,1.74072840785,2.22023606512,1.99613574935,1.99503971503,2.20210637806,1.92123487867,1.78310592803,2.09065334661,1.53114353451,1.11496367875,1.94023700103,1.81387042894,1.91697453859,1.44668066357,1.56143864784,2.35982053645,1.77167047343,1.23574271906,1.60426246252,1.68323349991,1.56162691337,2.00848940202,1.84688268764,1.76640763464,1.64852741447,2.2832320704
1.66554614729,1.390439729,1.07244369022,1.50179817601,1.23542476644,1.82501327846,1.70281619365,1.75817941502,1.64529407476,1.55697484307,1.46121957129,1.78231849829,1.04088892038,1.00532474783,1.4591539936,1.366836033,1.56393981277,1.12330909394,1.48805594452,1.91491386194,1.25926151192,0.963980727116,1.20282760275,1.35466892456,1.32375408244,1.58430092771,1.54365082435,1.32025117864,1.42999676087,1.65631824125
1.48390671638,1.06624587791,0.838348632326,1.24264993304,0.99116487275,1.38849667336,1.60818900557,1.51158982551,1.2240681768,1.27150870678,1.32271405333,1.43014607822,0.730514234695,0.890588470614,1.17428322662,1.18255714356,1.16612108192,0.919617647617,1.21069328699,1.59032578458,0.953134350983,0.599432809829,0.965475665558,0.931544329963,1.08500740889,1.40372283981,1.40847808622,1.07313917857,1.20117739913,1.48792634914
1.14278472932,0.865144003602,0.603924314611,1.02472472009,0.741704328698,1.05204404537,1.34082103114,1.33778966124,0.961859727052,0.942065894815,0.984612213893,1.12577894941,0.506274758696,0.63693219534,0.925578464226,0.889327669565,1.00917556617,0.661118993406,1.10719150986,1.35698033015,0.525170562333,0.407567866834,0.750015935228,0.598403281432,0.837294444231,1.07963839146,1.241579637,0.711403735063,1.0263517416,1.04450393587
0.940577776679,0.624552858391,0.345015661902,0.77720454452,0.522953773218,0.808788787294,1.05295591416,1.06525564235,0.762812673589,0.667156418524,0.624889366832,0.881423018923,0.262780639284,0.462930987086,0.68377908429,0.771905571415,0.816101868839,0.410790462423,0.693256403799,1.24055474577,0.355181260271,0.245978065876,0.477687518123,0.392000929369,0.713822436271,0.775253417167,1.01422985883,0.531182286979,0.842669799472,0.834089286055
0.892628259543,0.355339884856,0.168340695102,0.538425047747,0.271008854871,0.609778579553,0.709673825388,0.996376254032,0.602264774597,0.350019830783,0.462476121684,0.752800238121,0.0975114133681,0.305430513552,0.538551453376,0.516808912932,0.578014874463,0.153373290101,0.550588843498,0.843095495361,0.22634333691,0.145810865326,0.267394038974,0.207511638616,0.485146094517,0.53260213968,0.747478277794,0.374341144538,0.750223735562,0.578256219492
0.73962992101,0.2562105548,0.0413606282066,0.421492960843,0.0710850318782,0.378831389524,0.493401352928,0.825299457784,0.455657819989,0.0869011503138,0.235279763431,0.454129529109,-0.068916862741,0.174747629809,0.325453812389,0.341679169729,0.349711305879,-0.0237429992056,0.492989364358,0.665324531951,0.00320725195918,-0.0343839567941,0.121049799195,-0.0365763383628,0.330642866861,0.32242655955,0.434636385436,0.273180066621,0.523791532064,0.24954784203
0.637068804399,0.174743822021,-0.0506878762973,0.298053116277,-0.108037267652,0.236188240842,0.3854007556,0.784531958501,0.296047359202,-0.0611755714621,0.133807210375,0.304880449869,-0.163836610154,-0.0505374766138,0.195427810577,0.0934918807103,0.147312969471,-0.156400161753,0.399999842446,0.465506809968,-0.0803869916571,-0.131842552398,0.0102132839647,-0.128118379223,0.202164842842,0.227966096788,0.207790647438,0.146327026808,0.440053519104,0.151076752904
0.42463470921,0.0478824962531,-0.158202670292,0.154560893047,-0.232115906295,0.0896918924854,0.22215916527,0.677062881616,0.104517628311,-0.152610481899,-0.0673849878169,0.110267995048,-0.241033900648,-0.154651729247,-0.0738335995629,-0.0661720192705,0.00539764956902,-0.236563851241,0.233693342966,0.300897403814,-0.171906529206,-0.211659424623,-0.18160994339,-0.191438914033,-0.0332739511052,0.114695669575,0.0886277414721,0.0218200089466,0.210321219069,-0.0998939354951
0.295011143007,-0.035422184692,-0.286540995142,-0.0712303225505,-0.309961051202,-0.078286910017,0.0196888963526,0.400392521453,-0.0949083535648,-0.281961494126,-0.188209001095,-0.0958485459654,-0.434780689698,-0.253809863033,-0.188094992043,-0.159398368671,-0.102101516135,-0.359154899654,0.12877131604,-0.00949978876918,-0.369886789399,-0.35746422449,-0.329024312167,-0.259921070039,-0.140115524439,-0.0137559579888,-0.069143906277,-0.109132108452,0.147813748298,-0.296469144622
0.130507314505,-0.199046525102,-0.424387924253,-0.223713398873,-0.397704452425,-0.181183303194,-0.159237950535,0.259382191442,-0.255554425369,-0.395770409423,-0.336439914875,-0.199222383039,-0.51320668866,-0.314437843559,-0.239496914365,-0.301069665842,-0.240376773494,-0.41244521121,-0.0827735059744,-0.151812785235,-0.482519882838,-0.421394161094,-0.411451657024,-0.371192048009,-0.218752793889,-0.118315946314,-0.253959535205,-0.255804014784,0.0241323316866,-0.392517214342
-0.0521615251049,-0.284054025588,-0.501559333563,-0.294957114753,-0.464102071853,-0.254450575543,-0.257726953376,0.164712364651,-0.333413083398,-0.489178995215,-0.395838209236,-0.323665600369,-0.573170385929,-0.460387726976,-0.356954575252,-0.433094962453,-0.351537629287,-0.478734096012,-0.133023673009,-0.195328708604,-0.544330791298,-0.476800690233,-0.503547379489,-0.450698996444,-0.34721602523,-0.21330845853,-0.31317062694,-0.336610472819,-0.0726254804203,-0.472270992694
-0.242804614053,-0.38788585368,-0.543423279651,-0.370170908974,-0.533130835224,-0.337139940237,-0.433220910632,0.0822904547771,-0.403430606262,-0.543974173982,-0.450682685758,-0.478973561642,-0.606100781684,-0.511076518747,-0.401627211281,-0.522975733978,-0.445337772853,-0.532043755658,-0.262384696668,-0.369815086595,-0.605223792654,-0.560185192748,-0.576196615344,-0.540755167521,-0.43662905505,-0.338709196728,-0.397949676658,-0.396363680968,-0.157298024049,-0.521169189408
-0.329977907219,-0.414422559994,-0.589514716359,-0.43629555601,-0.587833957599,-0.417685987478,-0.517009206493,-0.0122201256207,-0.470355327899,-0.591496350294,-0.535797065165,-0.561140174279,-0.634870219125,-0.544987017067,-0.476723311337,-0.571118682597,-0.486923450997,-0.558700325496,-0.325709814761,-0.474286194477,-0.660410635647,-0.60901653028,-0.645356076886,-0.572107428429,-0.474806302598,-0.406903816321,-0.453971352084,-0.428782592076,-0.355981761065,-0.576726427476
-0.48789248124,-0.453768478851,-0.618936341841,-0.515703691426,-0.605543437682,-0.468603024535,-0.537422632193,-0.135005958451,-0.526152878152,-0.627280349906,-0.615343181356,-0.615753394048,-0.662348744991,-0.590298810873,-0.515000460864,-0.630351862114,-0.575963917769,-0.585199220116,-0.381166303731,-0.536237215156,-0.683258023231,-0.664049103038,-0.690442987069,-0.638408754417,-0.505858837217,-0.467036560942,-0.503918340328,-0.490414515689,-0.399162762138,-0.619375986633
-0.539215057837,-0.491668062479,-0.656876959323,-0.560131997264,-0.646347496655,-0.521457096929,-0.597784548143,-0.228450796134,-0.577817342216,-0.661909125239,-0.638459124281,-0.677054728336,-0.682843256003,-0.622292638493,-0.570565683735,-0.654331597501,-0.610081587115,-0.614813085298,-0.481221272927,-0.588483784846,-0.707614414611,-0.714993287215,-0.719249789887,-0.676575731382,-0.547605820967,-0.543207351328,-0.557007062291,-0.559701198828,-0.428821872778,-0.647718173418
-0.629337189922,-0.572115247253,-0.677930535683,-0.60818409377,-0.671974670416,-0.566221267402,-0.659553371582,-0.363528545595,-0.642607937114,-0.686584773906,-0.709992628748,-0.727479649966,-0.715382613416,-0.645638279294,-0.601690374859,-0.695719270425,-0.644782135627,-0.651203080514,-0.512748261366,-0.622874747769,-0.727912212993,-0.748162932092,-0.740114649157,-0.718650101683,-0.583353384227,-0.615041210846,-0.586404287582,-0.611477858566,-0.502670861835,-0.688125022024
-0.700256723787,-0.593398468598,-0.720136838359,-0.626199128327,-0.693616192306,-0.588100156694,-0.694939800307,-0.454295172873,-0.678168488978,-0.718384900674,-0.728813460034,-0.760046528619,-0.731299298883,-0.684278293198,-0.629250118112,-0.717759182565,-0.664085234706,-0.683153782178,-0.584485445711,-0.665705464909,-0.751146800723,-0.768335798793,-0.754272177921,-0.757871989062,-0.611040193787,-0.684007380246,-0.622062510421,-0.646781100805,-0.554748610626,-0.707059461938
-0.738479548965,-0.631375775191,-0.728863506158,-0.653154802969,-0.705408791856,-0.612751370496,-0.738761829585,-0.480937332727,-0.701615959514,-0.732052523979,-0.749327104454,-0.774989684212,-0.745143378556,-0.725691699559,-0.677695796597,-0.725699304874,-0.675923628252,-0.715626040808,-0.648610426247,-0.679068773826,-0.7626165681,-0.779955682006,-0.762876297414,-0.775301719965,-0.662779452459,-0.72352629545,-0.659823178957,-0.666483852743,-0.590899154619,-0.7272509447
-0.758688923952,-0.673675711291,-0.739413467963,-0.689325215965,-0.7261602856,-0.658278100793,-0.767317710727,-0.530171120053,-0.717581214788,-0.753462658777,-0.761161930684,-0.791517876322,-0.756740018637,-0.748835238086,-0.691963280112,-0.740159641331,-0.687949443212,-0.724815485336,-0.689623448141,-0.695830752008,-0.777600850616,-0.787642788545,-0.779166004283,-0.7888287447,-0.69859052331,-0.744581700752,-0.689828074642,-0.690848680647,-0.61932545049,-0.739871959832
-0.778731534147,-0.704599096295,-0.757960525504,-0.716524688429,-0.741884463089,-0.687490715724,-0.778512975425,-0.590669281909,-0.733362244198,-0.77280105388,-0.77588001927,-0.798377702212,-0.767714337997,-0.763312045139,-0.697292171271,-0.744908123924,-0.703302729613,-0.736767749776,-0.715950753435,-0.710233799623,-0.794286363858,-0.792282717113,-0.789273715983,-0.80381075754,-0.721311056985,-0.757861946249,-0.708488322535,-0.71268701866,-0.641412376812,-0.744542283702
-0.786153364124,-0.720600367317,-0.769743070511,-0.734496165174,-0.742843146626,-0.700823533089,-0.788526302737,-0.649922274707,-0.739019197447,-0.78391388783,-0.782683291021,-0.80246205826,-0.7794169156,-0.776013439383,-0.712061333912,-0.755935915608,-0.726302076699,-0.744822918,-0.728674515145,-0.733817724588,-0.804126080583,-0.802829324095,-0.794941501789,-0.811718562642,-0.740701956508,-0.778437705532,-0.729856742846,-0.737872219166,-0.665116645012,-0.755078886862
-0.792084770198,-0.737131207378,-0.773267686636,-0.737256650614,-0.74739738379,-0.711337369196,-0.79473197658,-0.677081248636,-0.75110033273,-0.789336507135,-0.792179865777,-0.809448370385,-0.8009188906,-0.795510063927,-0.719709099756,-0.758650742265,-0.731414272621,-0.755044611097,-0.766628604144,-0.738750712467,-0.807319739074,-0.807221990541,-0.797712051086,-0.819666749808,-0.754432110189,-0.788099155862,-0.740050479091,-0.757059998809,-0.683864185071,-0.75786113079
-0.79268876585,-0.744414751672,-0.779043246017,-0.741723338832,-0.765325330387,-0.718502611871,-0.798129312171,-0.736416456535,-0.759070208023,-0.794940186714,-0.804140997318,-0.811460351556,-0.807060169504,-0.799327385545,-0.730497423533,-0.763862213701,-0.743475360147,-0.761162894994,-0.783960211238,-0.743603914086,-0.811347562269,-0.813467041952,-0.802040568381,-0.819903435789,-0.768378872124,-0.801102651494,-0.747320378255,-0.766070218825,-0.711194639668,-0.760965880299
-0.795859202753,-0.751801231937,-0.78103625177,-0.747008140117,-0.776348288338,-0.72328452288,-0.799645551844,-0.766752228839,-0.767336981923,-0.800201733771,-0.807142362852,-0.812832980056,-0.813231368013,-0.807267362037,-0.741808545636,-0.767488199433,-0.754624979363,-0.766155174404,-0.79187246924,-0.758190002201,-0.813034661437,-0.815387422041,-0.802802228262,-0.819903435789,-0.778551863142,-0.808453332835,-0.758542406228,-0.776011084693,-0.745144139777,-0.765340609569
-0.798453622515,-0.755584337032,-0.788085284649,-0.752996017751,-0.781177544641,-0.73007328833,-0.801405743306,-0.775805706056,-0.777080960821,-0.807642760466,-0.810544227482,-0.814964560394,-0.818611474051,-0.812583727309,-0.746861723531,-0.769607377363,-0.763384527844,-0.769248795701,-0.800981118345,-0.772915071166,-0.815882706901,-0.816573656097,-0.805752478374,-0.823522654079,-0.785410072359,-0.81238111244,-0.766512303187,-0.785075253641,-0.761562572172,-0.766339331876
-0.800427301922,-0.758208859009,-0.789852221663,-0.75348438307,-0.781317009655,-0.737819746679,-0.804071404558,-0.782434217236,-0.786213946284,-0.810863865742,-0.818435598023,-0.81545637237,-0.820968036974,-0.813186102146,-0.765123768923,-0.775750863073,-0.7668840976,-0.769248795701,-0.806077968945,-0.775994224917,-0.816686951266,-0.818588220449,-0.809665563461,-0.82367204248,-0.797889645478,-0.813855727344,-0.778499518179,-0.793445340209,-0.781953481617,-0.768181193584
-0.803203474146,-0.764866923746,-0.792756469559,-0.764422676071,-0.781317009655,-0.744796156674,-0.805560989252,-0.789492575876,-0.792349324143,-0.813150419682,-0.820157587391,-0.815658273735,-0.821428505951,-0.818527733577,-0.779871973579,-0.778558384633,-0.77725593994,-0.770215148184,-0.811424702374,-0.777575136664,-0.81751772807,-0.819581635901,-0.8097141187,-0.825150649525,-0.803031749333,-0.816712290865,-0.788610119578,-0.799793022953,-0.796416452331,-0.769773088063
-0.805422151476,-0.765338088066,-0.797560454269,-0.771546601814,-0.781698404692,-0.749335060265,-0.805861049721,-0.797471118387,-0.795231360233,-0.813150419682,-0.821658884171,-0.817189060257,-0.824144388093,-0.818974619259,-0.789369729704,-0.78320072793,-0.786841596426,-0.770980862782,-0.815327271303,-0.781598638948,-0.817691284586,-0.819975048235,-0.809776546865,-0.825374092366,-0.804740742795,-0.820302264257,-0.801553530484,-0.807129131904,-0.804619212205,-0.770183639904
-0.805422151476,-0.767987538759,-0.799036105455,-0.779642514518,-0.781919496094,-0.754464776132,-0.805993601027,-0.798310087013,-0.802822010226,-0.815604058776,-0.821785442435,-0.818907041797,-0.824824854458,-0.819421504942,-0.796721127077,-0.786252145596,-0.789150193573,-0.771407486741,-0.817359924936,-0.786802800422,-0.817864841103,-0.822810518612,-0.80979041979,-0.825597535208,-0.804967052941,-0.82036554339,-0.807600530429,-0.809374227989,-0.808982483018,-0.771113866265
-0.805422151476,-0.768540692145,-0.801459248928,-0.789631207914,-0.785139966064,-0.756900545846,-0.806126152334,-0.813270409665,-0.804847954149,-0.815993385134,-0.822235897467,-0.81989066575,-0.824902907401,-0.820207856535,-0.797649236709,-0.787444225434,-0.794792559911,-0.772727672779,-0.819695312575,-0.796152914854,-0.817864841103,-0.823364730348,-0.809845911492,-0.825597535208,-0.807324659224,-0.82036554339,-0.812838105709,-0.81256803443,-0.810822639867,-0.771266045983
-0.805422151476,-0.768540692145,-0.801901400555,-0.793223161794,-0.785750583829,-0.760703080451,-0.806126152334,-0.815873692185,-0.808631102005,-0.816714086721,-0.824293862134,-0.820338618191,-0.825293172117,-0.822303215057,-0.798518153261,-0.791389940721,-0.796903735359,-0.772727672779,-0.820837359574,-0.801123575773,-0.817864841103,-0.824065782566,-0.809859784418,-0.825597535208,-0.817892787998,-0.821883567171,-0.818132505876,-0.81256803443,-0.815225104123,-0.771266045983
-0.805422151476,-0.773494739206,-0.804626686748,-0.799758662229,-0.785890048843,-0.760703080451,-0.80693885277,-0.820103315138,-0.813293825048,-0.816790994383,-0.824763658707,-0.821879176424,-0.825293172117,-0.822303215057,-0.799213286503,-0.795506915622,-0.797351489204,-0.775305130501,-0.822113899908,-0.806834689577,-0.819159448733,-0.8244591949,-0.809859784418,-0.825597535208,-0.818917534857,-0.823173305625,-0.818924783748,-0.814876781226,-0.819449342723,-0.772298285641
-0.805422151476,-0.774854124253,-0.805068838375,-0.805617833699,-0.786144312201,-0.761775544249,-0.80693885277,-0.822906006391,-0.813699163953,-0.816795148221,-0.825570811093,-0.8223709884,-0.825597535208,-0.823079642489,-0.801810074061,-0.80165420335,-0.801895283162,-0.775305130501,-0.823255946908,-0.814130936802,-0.81981666902,-0.824796345179,-0.809859784418,-0.825597535208,-0.819816462685,-0.828319845525,-0.819993042296,-0.814876781226,-0.82014153186,-0.772298285641
-0.805422151476,-0.774854124253,-0.807426735206,-0.809191940366,-0.786144312201,-0.762848008046,-0.807206099649,-0.82403729414,-0.815748045919,-0.816795148221,-0.825971290219,-0.8223709884,-0.825597535208,-0.824354794315,-0.802216833762,-0.802618953562,-0.803503450326,-0.77597111736,-0.823255946908,-0.818069726283,-0.81981666902,-0.825189757513,-0.809859784418,-0.825597535208,-0.819851147928,-0.828319845525,-0.820877592299,-0.814876781226,-0.820879982672,-0.772298285641
-0.805422151476,-0.774854124253,-0.807868886833,-0.811554612156,-0.786144312201,-0.764992935641,-0.807206099649,-0.824339032693,-0.816506828273,-0.817069113086,-0.826128165746,-0.8223709884,-0.825597535208,-0.824354794315,-0.803808912836,-0.805910297655,-0.803959553977,-0.77597111736,-0.823255946908,-0.820973643651,-0.81981666902,-0.825189757513,-0.809859784418,-0.825597535208,-0.819851147928,-0.828319845525,-0.822198992839,-0.817932708783,-0.82216171904,-0.718665807335
-0.805422151476,-0.774854124253,-0.80831103846,-0.812675554093,-0.786144312201,-0.764992935641,-0.807206099649,-0.824339032693,-0.817886716673,-0.817069113086,-0.826935318131,-0.8223709884,-0.825597535208,-0.824354794315,-0.803808912836,-0.811133729264,-0.804134271607,-0.77597111736,-0.823255946908,-0.822340303383,-0.821857197663,-0.825597535208,-0.80986672088,-0.825597535208,-0.822542331225,-0.828383124657,-0.824019593578,-0.817932708783,-0.823204604946,-0.664463539067
-0.805422151476,-0.774854124253,-0.809195341714,-0.816216578253,-0.786271443879,-0.764992935641,-0.808075820099,-0.824339032693,-0.817886716673,-0.817069113086,-0.826935318131,-0.823597157965,-0.825597535208,-0.824578237156,-0.804156479456,-0.816577824835,-0.804134271607,-0.777415560021,-0.823255946908,-0.823814238158,-0.821857197663,-0.825597535208,-0.80986672088,-0.772129381842,-0.822542331225,-0.828383124657,-0.824019593578,-0.817932708783,-0.823852398704,-0.724047241454
-0.805422151476,-0.775503552147,-0.809195341714,-0.817722441401,-0.786271443879,-0.764992935641,-0.808075820099,-0.824339032693,-0.819385377328,-0.817069113086,-0.826935318131,-0.825072593894,-0.825597535208,-0.825038365979,-0.804156479456,-0.818522625304,-0.805552200969,-0.777415560021,-0.823255946908,-0.824065430919,-0.822536772396,-0.825597535208,-0.80986672088,-0.487661102821,-0.822994951519,-0.828383124657,-0.825077358245,-0.817932708783,-0.824151175507,-0.738913177527
-0.715828473527,-0.776152980041,-0.810802350867,-0.818424037057,-0.786398575558,-0.766065399438,-0.808208371405,-0.824339032693,-0.819790716232,-0.817069113086,-0.826935318131,-0.825564405871,-0.825597535208,-0.825186692648,-0.804156479456,-0.820644144503,-0.807136593219,-0.777415560021,-0.823255946908,-0.824065430919,-0.822536772396,-0.825597535208,-0.80986672088,-0.578603540033,-0.822994951519,-0.764156866956,-0.825155411188,-0.817932708783,-0.825149370004,-0.763125141104
-0.750056151462,-0.776152980041,-0.810802350867,-0.81892642258,-0.786525707237,-0.766065399438,-0.808208371405,-0.824901941444,-0.819837944313,-0.817069113086,-0.827133645495,-0.662912907866,-0.825597535208,-0.825186692648,-0.804156479456,-0.82163090431,-0.807153227637,-0.777415560021,-0.823255946908,-0.82518089789,-0.823361709211,-0.825597535208,-0.80986672088,-0.677064826099,-0.822994951519,-0.787089789473,-0.825343267504,-0.817932708783,-0.825149370004,-0.49379148762
-0.528088721459,-0.776152980041,-0.811244502494,-0.819679354154,-0.786652838916,-0.766065399438,-0.808208371405,-0.824901941444,-0.819837944313,-0.704889427592,-0.827644877068,-0.492223688008,-0.825597535208,-0.825374092366,-0.804156479456,-0.822935834701,-0.808693638256,-0.777415560021,-0.823255946908,-0.825432090652,-0.734693140133,-0.825597535208,-0.80986672088,-0.599995724051,-0.822994951519,-0.80358612093,-0.825519482264,-0.817932708783,-0.825597535208,-0.574710998304
-0.665798550518,-0.497775543751,-0.812128805747,-0.819679354154,-0.674150717446,-0.766065399438,-0.808208371405,-0.824901941444,-0.820243283218,-0.663363582921,-0.827644877068,-0.470437330559,-0.825597535208,-0.728453508494,-0.804156479456,-0.823498743452,-0.808710272674,-0.777415560021,-0.823255946908,-0.825934476175,-0.779266370621,-0.825597535208,-0.80986672088,-0.159866930782,-0.823029636761,-0.743190647996,-0.825519482264,-0.817932708783,-0.825597535208,-0.627079532431
-0.48464288399,-0.542423558977,-0.813013109001,-0.819930546915,-0.713811624466,-0.766065399438,-0.664951570552,-0.825597535208,-0.820243283218,-0.708506117035,-0.827644877068,-0.313639340234,-0.825597535208,-0.748798730198,-0.804156479456,-0.823722186294,-0.808710272674,-0.777415560021,-0.823255946908,-0.826436861698,-0.597462844144,-0.825597535208,-0.80986672088,0.252829577443,-0.823255946908,-0.617793327228,-0.825519482264,-0.613278494052,-0.825597535208,-0.496281610122
-0.508681580379,-0.552065852027,-0.750043416567,-0.822236441998,-0.574651307166,-0.766065399438,-0.727331425582,-0.825597535208,-0.820243283218,-0.514318568771,-0.827644877068,-0.603727190218,-0.825597535208,-0.794098807614,-0.804156479456,-0.823945629135,-0.808710272674,-0.47902142368,-0.759145448215,-0.826688054459,-0.553982565578,-0.825597535208,-0.80986672088,0.605270789485,-0.737246715211,-0.626886598792,-0.825597535208,-0.697313987465,-0.825597535208,-0.656058109385
-0.31439962402,-0.33522597926,-0.752917043171,-0.822989373572,-0.652974045423,-0.766065399438,-0.753971472035,-0.587796575142,-0.820243283218,-0.601205904996,-0.686163644827,-0.707377121892,-0.825597535208,-0.694882310843,-0.804156479456,-0.824182315116,-0.808710272674,-0.128218963527,-0.804685809221,-0.826939247221,-0.397460229391,-0.540407227605,-0.80986672088,0.557919838863,-0.762412216236,-0.706278861998,-0.825597535208,-0.785379634737,-0.825597535208,-0.506567976093
-0.0504382675636,-0.358532592668,-0.791296670426,-0.823240566333,-0.414309570646,-0.766065399438,-0.367523547505,-0.695050542134,-0.746808676043,-0.169496104921,-0.631641268091,-0.726874944919,-0.732219643415,-0.524300540615,-0.804156479456,-0.824405757958,-0.808710272674,-0.105110701773,-0.729349988203,-0.827190439982,-0.359513596127,-0.491961007953,-0.80986672088,0.345192828677,-0.505923725757,-0.562922035166,-0.825597535208,-0.679584114182,-0.825597535208,-0.124163154609
-0.0969687671449,-0.0637237725438,-0.751077122996,-0.823464170023,-0.537841536048,-0.766065399438,0.0481981534737,-0.727716837063,-0.770781000391,-0.210313410819,-0.450066066383,-0.61873571475,-0.634669061199,-0.409921561358,-0.804156479456,-0.824405757958,-0.808710272674,-0.361301061051,-0.743098336553,-0.827190439982,-0.227525300552,-0.76145375782,-0.80986672088,0.307250395154,-0.33210222335,-0.139603620624,-0.751772927917,-0.344625013824,-0.825597535208,-0.108927813853
0.155095098025,-0.132686789551,-0.763495329917,-0.824680872664,-0.27073641164,-0.475876757996,0.103438513118,-0.796461688457,-0.779467487114,-0.306693251929,-0.573273919344,-0.457574070098,-0.7163243938,-0.261187875084,-0.804156479456,-0.824405757958,-0.808710272674,0.121714913708,-0.336217767184,-0.827190439982,-0.0101971349346,-0.772247993075,-0.80986672088,0.64451832628,-0.476009098597,-0.27701298467,-0.773781902522,-0.466037936844,-0.825597535208,-0.297713740924
0.578116429115,-0.051623577245,-0.7875925818,-0.825183258187,-0.0705715069837,-0.546169893735,0.198792214034,-0.282128954746,-0.803803542961,-0.32492449514,-0.236516561328,-0.41159422007,-0.451351338676,-0.313899430237,-0.804156479456,-0.824405757958,-0.808710272674,0.375650348143,-0.043160821636,-0.827441632743,-0.0919651402186,-0.666725311375,-0.520080468736,0.149614879416,-0.37858922341,-0.094599286011,-0.810923632021,-0.408803796575,-0.825597535208,-0.462399507166
0.297257511229,-0.298528780597,-0.80471620976,-0.826841968423,-0.236888900961,-0.286991263874,0.392083558849,-0.205154013874,-0.710985414532,-0.145592087344,-0.11045189377,-0.373124265862,-0.042095477148,-0.290057536902,-0.804156479456,-0.824405757958,-0.808710272674,0.67932012082,0.3127085998,-0.827441632743,-0.149194966347,-0.751397142804,-0.372425570261,-0.157690768555,-0.408330442089,-0.341515767239,-0.66757426993,0.0570246814285,-0.825597535208,-0.493952980141
-0.0995885433858,-0.22491422625,-0.553874736487,-0.826841968423,-0.285047211029,-0.213977764011,0.311800272642,-0.316127908296,-0.49742415606,-0.281700023725,0.0428656496071,-0.398688893068,0.00388897879161,-0.322983729531,-0.804156479456,-0.824405757958,-0.630831320765,0.05461774685,0.24661427892,-0.827441632743,-0.0742416334684,-0.515162288856,-0.365464174366,-0.379634618966,-0.325901689878,-0.0514570160526,-0.611713354396,0.356192985515,-0.825597535208,-0.595670659672
-0.225593765891,-0.0912225232769,-0.570016773843,-0.826841968423,-0.398594711978,-0.147037591376,0.00644005120193,-0.438739015856,-0.169404711709,-0.297163214897,-0.0374759645597,-0.50110246707,0.291259133507,-0.280208416402,-0.325874953136,-0.824405757958,-0.399569258432,0.053176318547,0.19807219199,-0.827441632743,-0.058293449472,-0.229201482853,-0.323191354555,-0.215200934007,-0.188439485274,-0.200776049946,-0.305738349951,0.0654348456373,-0.825597535208,-0.667330843412
-0.314446305744,-0.0329243800269,-0.241396430555,-0.826841968423,-0.42935206967,0.113450833218,-0.0305604773868,-0.265735188616,-0.11863772013,-0.386662471151,-0.320554511044,-0.54397941538,-0.0235897182359,-0.391925636871,-0.134771194875,-0.824405757958,-0.456228232359,-0.047192841259,0.207485491429,-0.827441632743,-0.179618982989,0.113760542045,0.487379410815,-0.572641281945,0.0357003488009,-0.277950047751,-0.387253166465,0.202557914405,-0.825597535208,-0.710178443666
-0.407474730546,0.0648221928402,-0.422283383679,-0.690064650941,-0.574056529016,0.130533095415,-0.211043123308,-0.150595736763,-0.172260907303,-0.122822316401,-0.466442392285,-0.498155548044,0.311360382661,-0.380399967914,-0.141132831102,-0.824405757958,-0.23440300168,-0.206431134209,0.014342560928,-0.677985448649,-0.43643014163,-0.28745642697,0.575221498733,-0.650510064653,-0.0734979718613,-0.231485700739,-0.482836553046,0.243913622426,-0.825597535208,-0.0577659798224
-0.517845996152,-0.291572390596,-0.127917761609,-0.609406408077,-0.670416438578,0.645699982319,-0.409261502376,-0.205120585673,0.113320826951,-0.276426904848,-0.449422726146,-0.648233030701,0.296078648858,-0.50245158824,0.104076140639,-0.825597535208,0.0560535693922,-0.407712330628,-0.0433801981044,-0.630028946212,-0.336798678702,-0.0923206305461,0.568623643109,-0.679830102743,-0.19326583263,-0.353393624148,-0.497481885725,0.0811353238943,-0.402123389479,-0.259285480226
-0.625746047382,-0.380621140394,-0.289673769917,-0.722979293242,-0.465451301437,0.721264405759,-0.419081699354,-0.0736020977786,0.191619285982,-0.27435601369,-0.504520364655,-0.7118212815,0.55314322883,-0.463281120484,0.142066891157,-0.825597535208,-0.158677497686,-0.381167406011,-0.307894130908,-0.666888736636,-0.492017188883,-0.277018637577,0.522397936219,-0.718040844337,-0.256317659935,-0.334636056838,-0.360420129196,-0.0251129143638,-0.314128436573,-0.483074274116
-0.651718144184,-0.464742937717,-0.35109700626,-0.621652333189,-0.642451884426,0.363097844383,-0.383219058889,-0.096259908111,0.317470747269,-0.378701859566,-0.525384792352,-0.743953658581,0.236650572701,-0.172256870188,-0.0193571152051,-0.825597535208,0.228097229366,-0.465431713811,-0.257272048162,-0.726015464676,-0.629206554114,-0.173381646681,0.0919536500996,-0.757399796091,-0.439723544459,-0.448521648799,-0.314758783171,-0.211521490385,-0.14050041763,-0.656447490772
-0.704674058496,-0.583494743947,-0.55578500784,-0.532053954058,-0.700565651091,0.00926948660253,-0.483201764551,-0.130227364761,-0.0948728553599,-0.414609261513,-0.464404472604,-0.675401604935,-0.0735025683267,-0.130843919334,0.37018577244,-0.686590694337,-0.121703156397,-0.564362238173,-0.448835934103,-0.68241435254,-0.408603655948,-0.338838739912,-0.0821449923784,-0.780235864835,-0.568220264658,-0.430309398395,0.00775867364466,-0.227232017979,0.0347913149929,-0.700162450616
-0.746052546734,-0.662010431985,-0.636022767938,-0.426976965759,-0.748420003538,-0.0955204497226,-0.558002243366,-0.308216371072,-0.321121844451,-0.483874834794,0.0911093629085,-0.719142063583,-0.274599909017,-0.0646214626905,0.11577599674,-0.59356026174,-0.22870771476,-0.535893339671,-0.423062879135,-0.509532379899,-0.595469257021,-0.309380480303,-0.357840185335,-0.805409247558,-0.620309467499,-0.314020591521,-0.200972847074,-0.352837048604,-0.171639357873,-0.752233672904
-0.765071086139,-0.707901275956,-0.605445816534,-0.29587561681,-0.767345153029,-0.21195623041,-0.594566120338,-0.244282948123,-0.48273441662,-0.628822926461,-0.288676629381,-0.4804597163,-0.454295354306,-0.334365903021,0.375654121561,-0.100201782753,-0.281027800133,-0.582087836537,-0.588130660249,-0.454749061154,-0.701919691814,-0.0791413271985,-0.549708467557,-0.809239561029,-0.717456591501,-0.410300887887,-0.117339202039,-0.367035874663,-0.18148545299,-0.77623770772
-0.795027620555,-0.741559724635,-0.497845386496,-0.105175315942,-0.782548349322,-0.435875990874,-0.692569368739,-0.0471383273955,-0.406728624019,-0.691768069256,-0.500352644331,-0.502166772988,-0.583590307421,-0.451432838282,0.0649911363236,0.179973121787,-0.148418648157,-0.673811071815,-0.630732585972,-0.540696539981,-0.686724738537,-0.305734862499,-0.638362628193,-0.823335450897,-0.765160374267,-0.605171020168,-0.0421228529195,-0.530250078451,-0.134952445194,-0.796832669875
-0.795415265444,-0.684566945803,-0.338676557553,-0.41139561483,-0.808798154334,-0.560553277493,-0.742146377141,-0.349096761725,-0.614824124305,-0.740463213539,-0.602644251697,-0.632099732403,-0.622900075522,-0.590376937518,-0.240801261657,0.0922485767236,0.00712020439976,-0.748005934487,-0.687863944465,-0.324558721823,-0.631451977609,-0.562998842459,-0.681406114128,-0.823335450897,-0.788236654696,-0.661940128694,-0.187470001258,-0.564252756783,0.317389514501,-0.801757446516
-0.796018796222,-0.729510963157,-0.491489147135,-0.550706634734,-0.809602413655,-0.659833720988,-0.773226061323,-0.584182894857,-0.58893737143,-0.779256284343,-0.641649716075,-0.382510031499,-0.671832205239,-0.675629939728,-0.39932105158,-0.289811775202,-0.252857280041,-0.778690568986,-0.736184800586,-0.457049663909,-0.67810539291,-0.680934998401,-0.727577347569,-0.824683660895,-0.813008894999,-0.690898076357,-0.419957282797,-0.633519829001,0.278165480851,-0.814117625425
-0.797505401609,-0.756002671119,-0.497799401426,-0.368768120354,-0.813230026299,-0.75232907596,-0.784206506615,-0.668648533508,-0.674249378765,-0.603431162906,-0.530410907875,-0.572491332107,-0.745127783938,-0.722919518873,-0.525982705042,-0.0271987759671,-0.397142445528,-0.791665496163,-0.755315937154,-0.32912213693,-0.731075383497,-0.735880724121,-0.76845832788,-0.824761713838,-0.817406206797,-0.731598233738,-0.465922386901,-0.697380233901,0.257781173843,-0.815756943757
-0.797505401609,-0.771904398838,-0.664769993262,-0.48020231952,-0.814557656275,-0.773366097439,-0.797247929883,-0.723291740353,-0.63713946982,-0.658396689216,-0.605365172198,-0.681263055699,-0.767474190019,-0.737682438721,-0.60375802641,-0.227442116654,-0.645764251947,-0.805335946989,-0.777307214927,-0.156573557303,-0.784673087234,-0.780286658751,-0.785562417285,-0.757749743788,-0.817406206797,-0.774056651062,-0.528814226674,-0.73097917305,0.191954766618,-0.816814708423
-0.804646499998,-0.776170483616,-0.721121558561,-0.437628553846,-0.816458074007,-0.803752072413,-0.801819423499,-0.76478224654,-0.423523219063,-0.475160262743,-0.670081644757,-0.674565962731,-0.779040161458,-0.779813676397,-0.668660620737,0.169981063403,-0.757501899228,-0.810474323144,-0.802312009845,-0.138933493144,-0.793246831272,-0.78169209515,-0.796183093036,-0.786069811432,-0.81921898138,-0.734374735874,-0.559498345476,-0.753365262233,-0.19829227739,-0.818719986754
-0.781406365764,-0.792442447901,-0.743956607661,-0.646548159777,-0.819138076554,-0.809120058272,-0.807807176244,-0.790592352316,-0.565865963467,-0.62670372187,-0.747332066409,-0.77714755267,-0.797231287008,-0.735243217772,-0.732578269902,-0.0450040235118,-0.771442299461,-0.817238962092,-0.814450853204,-0.518278260972,-0.705199574041,-0.813666968448,-0.812417930072,-0.799698226656,-0.822000499406,-0.760637686773,-0.431907170001,-0.774709149547,-0.400894743697,-0.818719986754
-0.782537192128,-0.795361209003,-0.763577654815,-0.531967798077,-0.819750956572,-0.809120058272,-0.808314722036,-0.813612478642,-0.658167970306,-0.662844669301,-0.765558152413,-0.79591797987,-0.803971057128,-0.766078357454,-0.740665466279,-0.0922831002425,-0.787316094484,-0.81973870289,-0.823689433274,-0.445501962858,-0.780214343456,-0.819043460948,-0.81523472201,-0.813143055321,-0.825597535208,-0.797295507471,-0.602442668292,-0.793812700048,-0.297613577824,-0.824656995972
-0.790167675796,-0.796494763183,-0.794250398696,-0.610621854176,-0.819833163353,-0.812561287811,-0.80940131148,-0.816609798132,-0.721268379172,-0.727497470031,-0.797103250534,-0.81803602839,-0.807027762054,-0.797120875273,-0.758307310204,-0.105059123463,-0.805651857773,-0.826404264333,-0.823689433274,-0.0851233635821,-0.792905023751,-0.821971678688,-0.816496257928,-0.698079878851,-0.825597535208,-0.802598735629,-0.65580447639,-0.804643073172,-0.51351497466,-0.824656995972
-0.796997006934,-0.799445103228,-0.803075245578,-0.504216567345,-0.820371685273,-0.819953364589,-0.80940131148,-0.819269633795,-0.691935966011,-0.705804278793,-0.818472753005,-0.619472444094,-0.808766478961,-0.80530061827,-0.775230691271,-0.202325830109,-0.813773899887,-0.828446403789,-0.823689433274,-0.392479751098,-0.801675281667,-0.823644704249,-0.816496257928,-0.737037098907,-0.825597535208,-0.764174424713,-0.713977959354,-0.807103682014,-0.6716718168,-0.824656995972
-0.803663372425,-0.800589831051,-0.82251274355,-0.576947764661,-0.820676048363,-0.825597535208,-0.80940131148,-0.784534190494,-0.776573150386,-0.752981993444,-0.823330528883,-0.732634191761,-0.820398711253,-0.815877620925,-0.789543144741,-0.39857346248,-0.825061654849,-0.828446403789,-0.823689433274,-0.490009358037,-0.814352055466,-0.823644704249,-0.821601545785,-0.641256370797,-0.825597535208,-0.807203088741,-0.757443749838,-0.81267920222,-0.743567674679,-0.824656995972
-0.803663372425,-0.80122569788,-0.82336515068,-0.654838410804,-0.820676048363,-0.825597535208,-0.80940131148,-0.816158758061,-0.789959051309,-0.774040568407,-0.823330528883,-0.781739528675,-0.823297026971,-0.825034626456,-0.796492983829,-0.488021201795,-0.825061654849,-0.828446403789,-0.824925022417,-0.589228286913,-0.819776074411,-0.824340298012,-0.823255946908,-0.66634562031,-0.825597535208,-0.815212394081,-0.780030240235,-0.81267920222,-0.784774982235,-0.824656995972
-0.803663372425,-0.802274444136,-0.825815959744,-0.750037391113,-0.821864171888,-0.825597535208,-0.80940131148,-0.81863640959,-0.805158203116,-0.799977141245,-0.823330528883,-0.783310117301,-0.823297026971,-0.825034626456,-0.804206295627,-0.604055060159,-0.825061654849,-0.828446403789,-0.824925022417,-0.682001466205,-0.819814447887,-0.824340298012,-0.823255946908,-0.729576423762,-0.825597535208,-0.821209817678,-0.800200927304,-0.814778229887,-0.807990493545,-0.824656995972
-0.804350723321,-0.808162373719,-0.826579363303,-0.634531544079,-0.821942224831,-0.825597535208,-0.80940131148,-0.823028288716,-0.817210370199,-0.682286906607,-0.828446403789,-0.634953357752,-0.823446415372,-0.825034626456,-0.811049149813,-0.6855193899,-0.825061654849,-0.828446403789,-0.824925022417,-0.727600097542,-0.82499625298,-0.686061202683,-0.823255946908,-0.235681162176,-0.825597535208,-0.826533373219,-0.801610089552,-0.815507460549,-0.815901305828,-0.825137406385
-0.605094041025,-0.808425836762,-0.827218705687,-0.582988226267,-0.824905548963,-0.825597535208,-0.80940131148,-0.825448146806,-0.821187867953,-0.723420155122,-0.828446403789,-0.720275756273,-0.824925022417,-0.825034626456,-0.819393428187,-0.743190023152,-0.825597535208,-0.828446403789,-0.824925022417,-0.515513246734,-0.82499625298,-0.650872312705,-0.823255946908,-0.359243531241,-0.825597535208,-0.761456490783,-0.816464825353,-0.815507460549,-0.817198135266,-0.825137406385
-0.554740528531,-0.808749295996,-0.827431807469,-0.634125314604,-0.824905548963,-0.825597535208,-0.80940131148,-0.630952552421,-0.823479010892,-0.621312883319,-0.62062962791,-0.621934300772,-0.824925022417,-0.825034626456,-0.820329557852,-0.7531644695,-0.825597535208,-0.828446403789,-0.753212647521,-0.595900003694,-0.825559161731,-0.71953884771,-0.823255946908,-0.566371110254,-0.697470546459,-0.625569547822,-0.819294651088,-0.815507460549,-0.823863444702,-0.825137406385
-0.693421486486,-0.809250659271,-0.828195211028,-0.689029630322,-0.824905548963,-0.810703137863,-0.80940131148,-0.580133956908,-0.823684661349,-0.671197576858,-0.761216654497,-0.593682967696,-0.824925022417,-0.734321541987,-0.82134146941,-0.765224044184,-0.825597535208,-0.828446403789,-0.793259434387,-0.760639044487,-0.825559161731,-0.780548406069,-0.786164919113,-0.483326674613,-0.578193629542,-0.719879130379,-0.668109218938,-0.741596311182,-0.823863444702,-0.825374092366
-0.772447927305,-0.809574118505,-0.828195211028,-0.745702819264,-0.824905548963,-0.81908304178,-0.80940131148,-0.588256642134,-0.823684661349,-0.704771929949,-0.698565058542,-0.737543387222,-0.824925022417,-0.616986071358,-0.82134146941,-0.802666830405,-0.825597535208,-0.828446403789,-0.674392969663,-0.792114191023,-0.825559161731,-0.59310078395,-0.809317437307,-0.473451931969,-0.609350619028,-0.760330371916,-0.706281462869,-0.772814703958,-0.823863444702,-0.825374092366
-0.783350634858,-0.810345365764,-0.828446403789,-0.759232984833,-0.824905548963,-0.81908304178,-0.69611916401,-0.68845354574,-0.823684661349,-0.714105293681,-0.597815438793,-0.634356825386,-0.824925022417,-0.608543535852,-0.823294300369,-0.819568791295,-0.825597535208,-0.760619178701,-0.745579710386,-0.807830616798,-0.825597535208,-0.413301734598,-0.809317437307,-0.601159666974,-0.473379001001,-0.677346082698,-0.787837943932,-0.772814703958,-0.823863444702,-0.729989733321
-0.802174543028,-0.810499833592,-0.828446403789,-0.790653668823,-0.824905548963,-0.820739114965,-0.737140513741,-0.751746876078,-0.823684661349,-0.723552193262,-0.462058730543,-0.655925928448,-0.824925022417,-0.598558575091,-0.823989894133,-0.821886366966,-0.825597535208,-0.812152353811,-0.805055934433,-0.71726381601,-0.825597535208,-0.506773559287,-0.552394087914,-0.504182987115,-0.425027526556,-0.739600124052,-0.797003285779,-0.808871359258,-0.825597535208,-0.421196763535
-0.574139515391,-0.810499833592,-0.828446403789,-0.722970566715,-0.824983601906,-0.821998884974,-0.783410958013,-0.773638856292,-0.823684661349,-0.630070459529,-0.435688926988,-0.296203988266,-0.824925022417,-0.511072360751,-0.823989894133,-0.823542222104,-0.825597535208,-0.678498626641,-0.808041883457,-0.734450198153,-0.825597535208,-0.660120818686,-0.651512244402,-0.443725174526,-0.509629765907,-0.792446430459,-0.817069362302,-0.811735485288,-0.825597535208,-0.385108804133
-0.418971880914,-0.810823292826,-0.828446403789,-0.734330692036,-0.824983601906,-0.706650904177,-0.204501569381,-0.688994553692,-0.823684661349,-0.654000603989,-0.65402691345,-0.432036439113,-0.594979799052,-0.518405065259,-0.824525774491,-0.823542222104,-0.825597535208,-0.496082254038,-0.815380689664,-0.761169180244,-0.825597535208,-0.708728647572,-0.753702670762,-0.554170660928,-0.240766304434,-0.817272205362,-0.667286572134,-0.81478340664,-0.723145398801,-0.4261527492
-0.409415520319,-0.811146752061,-0.828446403789,-0.740170006515,-0.825061654849,-0.655729019473,-0.366433152771,-0.735022243929,-0.823684661349,-0.511788020579,-0.650240189543,-0.350170906743,-0.573087839224,-0.723156566393,-0.824525774491,-0.665515902238,-0.825597535208,-0.419982954604,-0.594791517771,-0.570815349492,-0.825597535208,-0.574138008259,-0.775515586964,-0.537190213578,-0.280340061426,-0.718150268848,-0.794145462321,-0.704311550595,-0.797555097459,-0.376273750727
-0.249263501601,-0.811146752061,-0.828446403789,-0.797558619338,-0.71564180405,-0.713717263356,-0.444655122078,-0.784677766223,-0.823822502633,-0.632681732015,-0.657291132173,-0.468852169162,-0.580271168494,-0.402017750455,-0.824525774491,-0.74536567934,-0.825597535208,-0.592350444246,-0.647671872473,-0.579793424376,-0.607236776815,-0.684059511318,-0.411237707728,-0.230994501974,-0.539206624339,-0.652988551987,-0.613236615658,-0.723709092346,-0.797555097459,-0.271268901991
-0.347701923507,-0.578213218591,-0.828446403789,-0.632866912979,-0.474526825811,-0.74346805831,-0.53899093249,-0.798773918959,-0.823822502633,-0.724202514055,-0.451429476343,-0.57266799977,-0.690036349222,-0.374242297076,-0.824525774491,-0.793832608044,-0.825597535208,-0.672432504838,-0.634407651968,-0.753843157465,-0.668230682238,-0.671040365421,-0.490047147794,-0.327323210859,-0.36608509031,-0.565935243592,-0.582428654757,-0.529915187622,-0.685996760352,-0.293931020566
-0.123801996537,-0.606000366402,-0.828446403789,-0.522902874599,-0.252965982546,-0.0745547127942,-0.50697521391,-0.815041654125,-0.716491166277,-0.54421120544,-0.53920890626,-0.278057769742,-0.579472255308,-0.448529620705,-0.824525774491,-0.794268373733,-0.825597535208,-0.562555218319,-0.226878330369,-0.603425202576,-0.515699861486,-0.549918316427,-0.653059819469,-0.360197949778,-0.102612823652,0.216719164822,-0.591588109238,-0.383423882724,-0.768341682861,-0.471505781601
0.0628646514076,-0.680493032245,-0.828446403789,-0.670984388501,-0.4615401036,-0.229222952193,-0.480286581267,-0.473634025982,-0.757087586561,0.00298281276961,-0.34695337379,-0.485918741447,-0.274109832183,-0.459207364667,-0.824525774491,-0.806299003474,-0.721570401444,-0.559047897232,0.0329097330166,-0.607534550683,-0.587983309289,-0.662935965503,-0.502767679354,-0.640836561631,0.0542828479057,-0.118695696217,-0.129954473801,-0.468569046698,-0.623872540178,-0.0886173556472
-0.106047559787,-0.785704338706,-0.828446403789,-0.600050566201,-0.454337260738,-0.398653046315,-0.489299058233,-0.51705243694,-0.698630892352,-0.239364155096,-0.249335121719,-0.369701792656,-0.209262744497,-0.497170092492,-0.824525774491,-0.818357735247,-0.783436966035,-0.585771508143,-0.242694412251,-0.502984901507,-0.623639970567,-0.511921707916,-0.382929259864,-0.503292893527,-0.298263627894,-0.0962281153868,-0.362942781745,-0.104640518444,-0.644027330992,-0.102422732935
0.0720912943454,-0.6482943758,-0.828446403789,-0.113193881949,-0.290784308564,-0.0208324795993,-0.62863044936,-0.215806569204,-0.742071415986,-0.0377204231433,-0.362968232088,-0.401759978669,-0.266971226111,-0.199818398288,-0.824525774491,-0.825597535208,-0.0118544378208,0.0443383462648,-0.317299233675,-0.478648760861,0.311584806169,-0.619703188699,-0.0144841155365,-0.592421533463,-0.387983295126,-0.193268396827,-0.227697398288,-0.341879809867,-0.744818599871,-0.188742716119
-0.305999125707,-0.669166904568,-0.828446403789,-0.391350159327,-0.299172944043,-0.0880813220136,-0.639463288431,-0.13461847782,-0.432077344597,0.0538207287785,-0.25272980038,-0.512793386409,-0.398484123177,-0.187221101423,-0.825061654849,-0.825597535208,-0.259085593122,0.00177758167275,-0.170622744145,-0.550790233976,0.00629403142905,-0.166971668726,0.133080123301,-0.667224740942,-0.0100055415543,0.115189877526,-0.295693634836,-0.450684171405,-0.679224360028,-0.324909867228
-0.426157362547,-0.257179818593,-0.828446403789,-0.494364307945,-0.465687043943,0.373654232684,-0.627187774055,-0.0183105702254,-0.441169709672,-0.265144415673,0.103744844182,-0.485524393165,-0.322490625719,-0.225314837162,-0.825061654849,-0.73303202,-0.102423841858,-0.272830806666,-0.0875851747731,-0.613028530571,-0.246666523429,-0.188847745998,0.0408393836135,-0.746019286857,-0.170522637785,-0.10652445905,-0.2038926067,-0.270958975028,-0.517918487876,-0.234740596346
-0.586700842149,-0.495034573057,-0.828446403789,-0.541769456903,-0.197670395792,0.0952588253608,-0.569950295116,0.407109384222,-0.413020440939,-0.427177977849,-0.139810448693,-0.611671048989,-0.16135915085,-0.315195981935,-0.78642805899,-0.74502134968,0.117619457494,-0.197555351208,0.00457935046975,-0.689080452792,-0.215115934221,0.0814111213866,0.0815275253979,-0.672971078092,-0.450024504985,-0.210082846143,-0.494550353603,-0.168295463058,-0.520690477134,-0.472941970033
-0.694099894369,-0.561341957511,-0.795641279326,-0.621554443542,-0.373691906682,-0.0574584366475,-0.669780625937,0.377259825637,-0.235158376396,-0.548212562879,-0.185147330403,-0.43118125127,-0.394560684954,-0.298675189093,-0.817614037762,-0.630408934893,-0.23543712275,0.332836053229,-0.154047254095,-0.540841612509,-0.248305603277,-0.231892794717,-0.227189453107,-0.743518777437,-0.375848769443,-0.388361411447,-0.564216244335,-0.00247022002281,-0.0634297010321,-0.509233319894
-0.655820023197,-0.743685287138,-0.71126021611,-0.287856708134,-0.506732798434,-0.310905175292,-0.707711496356,0.551456957591,-0.332321687991,-0.58883819607,-0.327544422066,-0.561933485702,-0.0891007150414,-0.479935570937,-0.466819476115,-0.658069433114,-0.0961219489092,0.00570839255032,-0.430214963257,-0.356194910512,-0.365134617653,-0.273947988316,-0.396103333199,-0.480056037776,-0.321159421268,-0.146151716313,-0.506840982226,-0.348441933367,-0.206389542064,-0.671306352692
-0.687899025062,-0.75216400977,-0.246357057647,-0.455416852979,-0.544120738757,-0.528379438666,-0.741718804821,0.200486936635,-0.487539716305,-0.45545290948,-0.455126856378,-0.4702279314,-0.393048422291,-0.513514130377,-0.221050362556,-0.525416955118,0.371981271552,-0.0570627187154,-0.492699459305,-0.61628877287,-0.477117388707,-0.392883826207,-0.392212575375,-0.600246323012,-0.498966313548,-0.443401754041,-0.547632570472,-0.468082955841,0.221853532976,-0.614340232617
-0.7128939086,-0.778908141547,0.112401499872,-0.589811425221,-0.42841874493,-0.474876678586,-0.761088973349,-0.220458362018,-0.637072873479,-0.517170238119,-0.483051033258,-0.625172086672,-0.55036996393,-0.571709962038,-0.0505686239778,-0.594405824446,0.126131433507,-0.239445989119,-0.61001262838,-0.571105742024,-0.435891611523,-0.589635180427,-0.525877947312,-0.69310598958,-0.649997975762,-0.292445269785,-0.382630928047,-0.384371682635,-1.05770240393e-05,-0.698935046298
-0.751738694326,-0.805335469525,0.247443372505,-0.58895215968,-0.474897978385,-0.491545751725,-0.790409092573,-0.202800105228,-0.154563472418,-0.59733387835,-0.586814787141,-0.760456971466,-0.579176304628,-0.696082178904,-0.215189209132,-0.342090143266,0.0889329125161,-0.291986629807,-0.69670669227,-0.638447928176,-0.0469556252206,-0.642128940718,-0.58398854573,-0.654007108894,-0.698210555903,-0.266863931374,-0.536014255765,-0.490648445093,-0.166541449264,-0.758937729511
-0.767471266548,-0.812267229298,0.628197833517,-0.616436731587,-0.46002653465,-0.597140437753,-0.797628575904,-0.41210930832,-0.170598593013,-0.465801488392,-0.639938140107,-0.78149719982,-0.65088710113,-0.744060684047,-0.168662476135,-0.44925316198,-0.326870437117,-0.440337042036,-0.741648817592,-0.396501476155,-0.09144948979,-0.608029119419,-0.670437896825,-0.736997281586,-0.747490209461,-0.492949527073,-0.56022533335,-0.468682402316,-0.125775222566,-0.788026746931
