26.6333333333
23.9666666667
21.7333333333
20.4
19.1666666667
18.1
17.3333333333
16.5333333333
15.5
14.8333333333
14.2
13.7
13.1666666667
12.8333333333
12.4
12.0666666667
11.7
11.5666666667
11.3666666667
11.0666666667
10.9666666667
10.8333333333
10.8666666667
10.6
10.6666666667
10.5333333333
10.4
10.5333333333
10.3666666667
10.1333333333
10.0666666667
10.0333333333
9.96666666667
10.0333333333
9.86666666667
9.83333333333
9.76666666667
9.7
9.63333333333
9.8
9.8
9.8
9.8
9.76666666667
9.56666666667
9.66666666667
9.8
9.8
9.83333333333
9.8
9.93333333333
9.86666666667
9.9
9.93333333333
10.0333333333
9.93333333333
10.0
9.83333333333
9.9
9.73333333333
9.76666666667
9.73333333333
9.83333333333
9.9
9.93333333333
9.83333333333
9.73333333333
9.73333333333
9.63333333333
9.66666666667
9.73333333333
9.66666666667
9.63333333333
9.76666666667
9.63333333333
9.5
9.73333333333
9.6
9.6
9.6
9.6
9.7
9.6
9.66666666667
9.73333333333
9.66666666667
9.66666666667
9.66666666667
9.63333333333
9.6
9.63333333333
9.66666666667
9.8
9.86666666667
9.73333333333
9.7
9.6
9.66666666667
9.5
9.66666666667
