20.7907936508
20.0188888889
19.3864550265
18.7832804233
18.2564550265
17.7313756614
17.3520634921
17.0332275132
16.7324338624
16.4837566138
16.2210582011
15.9922751323
15.7988888889
15.6557671958
15.5187301587
15.3161375661
15.1816931217
15.0393650794
14.9344444444
14.8110582011
14.6970899471
14.592010582
14.5003703704
14.4064550265
14.3483068783
14.2716931217
14.1962962963
14.1204761905
14.0615343915
13.9932275132
13.9374603175
13.8698412698
13.8046560847
13.7458730159
13.705026455
13.657989418
13.631005291
13.5948677249
13.5289417989
13.4842328042
13.4344444444
13.3902116402
13.3491005291
13.3121693122
13.2728042328
13.2453439153
13.2075132275
13.1780952381
13.1458730159
13.1171957672
13.0882010582
13.0474603175
13.0169312169
12.9895767196
12.9551322751
12.9267724868
12.8949206349
12.871957672
12.8381481481
12.8123280423
12.7757671958
12.7611640212
12.7408994709
12.7186772487
12.6987301587
12.6823809524
12.6600529101
12.6462962963
12.6273544974
12.6073544974
12.5789417989
12.5696296296
12.5450793651
12.5256084656
12.5120634921
12.5025925926
12.4913227513
12.471005291
12.4496296296
12.4386243386
12.4224867725
12.4076719577
12.3920634921
12.3771957672
12.3567724868
12.3403174603
12.3291005291
12.3217989418
12.31
12.2974074074
12.2853439153
12.2670899471
12.2566666667
12.2387830688
12.2272486772
12.2098941799
12.197989418
12.1821693122
12.1652910053
12.1507407407
