29.4666666667
29.4666666667
29.4
29.3
29.3
29.3333333333
29.3
29.4
29.4
29.3666666667
29.2333333333
29.2
29.2
29.2
29.1333333333
29.0666666667
29.1333333333
29.1
29.1
29.0
29.0
29.0666666667
29.0666666667
29.1333333333
29.1333333333
29.1
29.1
29.0666666667
29.0666666667
29.1
29.0666666667
29.1
29.0333333333
29.0333333333
29.0666666667
29.1
29.1
29.1
29.1333333333
29.1333333333
29.1333333333
29.0666666667
29.0666666667
29.0
28.9333333333
29.0
29.0
28.9
28.9666666667
28.9666666667
28.9333333333
28.9666666667
29.0333333333
29.0
28.9666666667
28.9333333333
28.9
28.8333333333
28.9333333333
28.9
28.9333333333
28.9
28.9333333333
28.9
28.9
28.9
28.8666666667
28.9333333333
28.9333333333
28.9
28.9
28.8333333333
28.8
28.8
28.8333333333
28.8333333333
28.8333333333
28.7666666667
28.7666666667
28.8
28.7333333333
28.7333333333
28.7333333333
28.7666666667
28.8
28.7666666667
28.7333333333
28.7
28.7333333333
28.7
28.6666666667
28.7333333333
28.7333333333
28.7666666667
28.7666666667
28.8
28.7666666667
28.7666666667
28.7666666667
28.7666666667
