13.0682831073,11.9081564555,13.7375124282,12.6400559123,13.8635782692,12.8508323486,12.1919330671,13.5641475472,12.4908919631,13.0490386528,11.3315405821,12.7925911703,12.1506082796,12.5838742592,13.4486414972,11.5524991082,13.3632317771,13.9672537935,12.1871117665,14.3225520451,13.4918635036,12.8991053203,13.7549725262,12.0449068074,12.2438100471,12.4477245542,10.2706153276,13.7130672668,13.3517432952,12.671601458
12.0263998029,10.9132619745,13.2791990873,11.6206205303,13.110717771,11.9781511092,11.5907626565,12.4235068043,11.5341650708,12.7124081792,11.01184854,12.2300804065,11.6147535537,12.0095100451,12.8917790239,11.0043293064,12.6392659092,13.2286449865,11.5767255456,13.3663155214,12.7260454731,12.4468356591,13.006981973,11.4939345367,11.4312904117,11.6998276758,9.64020745034,13.0191541949,12.4345209069,11.5008040173
11.5642351755,10.2231475265,12.3917890563,10.9276006243,12.3499701048,11.3429108891,10.8783698527,12.0344809502,10.9863967638,11.9295215889,10.5233716531,11.776386696,11.2269644463,11.2413879962,11.9182708565,10.2943536532,11.6794362446,11.9948161607,10.9381383998,12.4265343832,11.9778451483,11.5375174935,12.4434192821,10.9407829104,10.6023207587,10.8919720212,9.16939062991,12.4602569236,11.8143743345,10.3772045756
11.0767092332,9.94831657512,11.6387834791,9.9877937415,11.610603795,10.7863207747,10.5720934288,11.6634494469,10.0774134627,11.4047633472,10.1233420924,11.2191812694,10.7253912562,10.7123400256,11.0123041345,10.053188406,11.2122715254,11.3407176098,10.3897117155,11.6891848818,11.5156791841,10.75400534,11.6128479144,10.248399496,10.2875617728,10.17914737,8.52784543181,11.7824925738,10.8933656403,9.80743051354
10.3351123984,9.24374017379,10.8709499916,9.50865138253,11.1606853352,10.1499173829,10.0870497421,11.0976744135,9.4093575356,10.3656298708,9.74027522571,10.5144540307,10.2620158713,10.0227737522,10.41038275,9.06750543678,10.8575777581,10.7940521741,10.0528825713,11.3553642515,11.0977436078,10.2257341669,10.4857571871,9.91284901251,9.49696301652,9.61395840249,8.13185041856,11.2171812826,10.3776481053,9.02876673002
9.83757449534,8.91043771236,10.2463877696,8.79584191086,10.6048762629,9.70359604462,9.47514110756,10.1827269531,8.97225548856,9.52931593815,9.48514747651,10.1664215103,9.95947747683,9.57667864948,9.89490972785,8.6938400411,10.5506323192,10.1515077478,9.61642953276,10.7076820924,10.3825586692,9.5455055812,9.99766178262,9.52376256453,9.19974619331,8.95190331154,7.81238558517,10.4782826672,9.98618547227,8.40418606875
9.07630921497,8.3941270758,9.97038802276,8.3715158331,10.3059271224,9.24776511044,9.09189072329,9.6294104875,8.65801423426,8.99923637251,8.96587785272,9.88612995382,9.42168665654,9.11632844769,9.27175783796,8.3898455402,9.76614619254,9.52394626732,9.37242658684,10.3959019358,9.78688627096,9.21844785279,9.3582062321,9.36235029999,8.75922474398,8.36819174518,7.5325619132,9.85833344346,9.50736103741,8.055128598
8.65871240753,8.01955699656,9.50027186848,7.75752025974,9.96284267508,8.86645381123,8.87136678057,9.31239550354,8.27331928641,8.86999573745,8.58279963802,9.47229376445,8.97000300507,8.65298839739,9.00652880814,8.11374596137,9.42357276471,9.08908713444,9.05696930728,9.77494986726,9.37042372612,9.04529576519,9.03031904755,9.03366534933,8.38192824661,7.963772116,7.32693981803,9.23564870007,9.34401454714,7.74595943406
8.41118660217,7.7806503771,9.1204576469,7.42888382334,9.2010414018,8.55756136222,8.61429906227,9.15686468107,7.95974852901,8.48447795653,8.44442030561,9.12321053318,8.31042865114,8.44601949449,8.50584487016,7.88713949253,8.87137423318,8.85044972953,8.84335843418,9.32639712853,9.01784624682,8.82264312004,8.54970871876,8.61663063133,8.13937445146,7.79277608324,6.97246465917,9.07005515409,9.06319324411,7.25670050591
8.19692395314,7.57630005146,8.98854929305,7.06448343594,8.87138470534,8.12221392771,8.49184148549,8.77544401932,7.54113614636,8.25436124607,8.07623086683,8.5365152985,7.99489980658,8.29433992444,7.97787251917,7.68617846018,8.54766881415,8.58424332691,8.52002279782,8.80282739409,8.77851103004,8.64992246318,8.21703051929,8.43574215439,8.00987700941,7.63167673967,6.8161251986,8.67604502784,8.807215771,7.00755073587
7.75076671495,7.26058887115,8.73430010091,6.93989392756,8.84950062385,7.80392905699,7.98789605504,8.40852956156,7.18795633157,7.85874714371,7.75739746948,8.48057689837,7.52851136436,8.12040975727,7.81584827011,7.57766564611,8.29734504505,8.05563561802,8.29109066679,8.5427583526,8.57217506569,8.51070721119,7.99465232162,8.21683963796,7.7676816531,7.32238193054,6.43633174081,8.35404672399,8.46747725792,6.84745748717
7.37715717118,7.04545180511,8.34041313483,6.61456810448,8.66523117751,7.60213756538,7.64354766101,8.07903885658,6.87371876338,7.61217288711,7.44641905175,7.89852921949,7.26283828099,7.93150762299,7.61487201527,7.19866818061,7.88908831716,7.74490555653,8.06067463235,8.2116807641,8.21725661593,8.41562725935,7.68439436998,8.12871678886,7.26622271072,7.26981387178,6.25476494908,8.15389580801,8.11917190234,6.67720699687
7.10826214623,6.63545550392,8.03517909863,6.31794952697,8.42959930546,7.39997481645,7.28432283541,8.02447175635,6.61361365859,7.46156280463,7.14422047676,7.74137367156,7.14171965136,7.63506810713,7.27997216057,6.90212873124,7.5676249306,7.27279627294,7.72701932429,7.91574290544,8.10896900074,8.2963976234,7.40620146261,7.85872441274,7.05590857988,7.03103253993,6.01613044667,7.79181902084,7.78404984172,6.50486132371
7.0002060159,6.43636433018,7.74143937019,6.226176448,7.90632490203,7.18343894364,7.11536118646,7.87683595046,6.49509659896,7.20720660035,6.85533596981,7.56659581539,6.93606703398,7.3863808836,6.97508311592,6.76524979586,7.1993519472,7.1317002308,7.40684574523,7.77249935224,7.91991131964,8.17129993333,7.14445902935,7.6860519994,6.75496666615,6.71402933078,5.90410537741,7.53834239651,7.62686899485,6.40662524602
6.80743628738,6.07533978247,7.51135018064,5.99280741496,7.6193384076,7.1421956948,6.9954801202,7.4997241384,6.26735811568,6.97350543546,6.79930007696,7.37710392573,6.87837762098,7.28017130215,6.92568626794,6.51806594117,6.93292854997,6.92284403662,7.28449443646,7.63255637235,7.49786607787,8.06620740269,6.87478386015,7.42233379394,6.52066765646,6.58544851701,5.80364095421,7.36308507479,7.54856925138,6.3068896106
6.60963188915,5.72027632622,7.21673466129,5.94693707676,7.45060351079,6.90183054564,6.7646309286,7.27881610099,6.10962386553,6.80881812591,6.45994030987,7.1160948408,6.6582116056,7.11269734254,6.68539702247,6.46683361762,6.57326598684,6.66549077981,6.97114354806,7.45126998523,7.3188053619,7.93291298969,6.60254093444,7.10316731713,6.18477321332,6.50024479733,5.67200009695,7.21362601173,7.17747520072,6.18870723363
6.41001757511,5.53555763072,6.99977681735,5.8313443233,7.19434058997,6.76078611695,6.56983517471,6.8970169663,5.82243980298,6.67775013099,6.33422815985,6.95459167985,6.4719484733,6.82930061639,6.49947733169,6.34153940058,6.17071909556,6.4224980145,6.66224965313,7.41152794347,7.28930763389,7.77380727104,6.13844880474,6.99195080265,6.0859655409,6.3721310981,5.49867381335,7.06315710309,6.77758999023,6.10234755462
5.96315662635,5.41829099644,6.87355579028,5.61947342995,7.10946650155,6.70196999653,6.42439181983,6.71433517645,5.81175268657,6.47139732532,6.0938077115,6.68904460493,6.26469983495,6.51309325303,6.36994131735,6.11116672584,5.97373402925,6.17825995201,6.45963617926,7.31819070595,7.18096061817,7.6736823588,5.94339235376,6.89404218493,5.92234201504,6.17102806596,5.38421603381,6.89113466757,6.53773082921,5.81849604968
5.76702916406,5.33101102816,6.68103535348,5.3797368587,6.97203969495,6.62302951946,6.30485105475,6.37314170822,5.60775251177,6.29515377096,5.80206939965,6.64644058387,6.09141709328,6.34425120748,6.29280129689,6.03605220585,5.69671064652,6.09110842543,6.23294570363,7.16985643683,7.09691404079,7.57388024025,5.71553912155,6.7530092771,5.71753698373,5.87793232457,5.30678109027,6.85077968401,6.3306281741,5.69829583801
5.53915963823,5.13989552155,6.61723463001,5.30242938633,6.79784596005,6.61507369882,6.19354886683,6.27674189502,5.50012001153,6.22056793313,5.60523624442,6.45910469464,5.80921070822,6.25753794008,6.22109713154,5.8127178736,5.56908124013,5.98338586335,6.02589756232,7.08761632382,7.07328753789,7.4812655807,5.52239992567,6.60139098464,5.66138359112,5.79653301215,5.28765490143,6.65785548106,6.18554012808,5.50409771491
5.31965036726,5.04342532394,6.59366192446,5.24424845529,6.62057398539,6.38157616646,6.098366474,6.00867638634,5.44710285211,6.13710907423,5.45716303122,6.33814770071,5.66074234874,6.19392713368,6.1377598863,5.63009507956,5.50132540086,5.8716716879,5.84654198852,7.04865520308,6.91289831664,7.32756787321,5.44224439144,6.58230252815,5.54340177773,5.74401913602,5.25372167615,6.45056098889,5.98982424876,5.36899908934
5.1353120094,4.93521141137,6.42789058857,5.12978795221,6.45616939203,6.15749486287,6.0365343096,5.66584385564,5.28117377085,5.99555425731,5.3525441764,6.29564646326,5.5169181486,6.10836893455,6.09858735801,5.57009571726,5.34661145134,5.82153579683,5.8406644232,6.94973565911,6.84136333093,7.24970054803,5.35273780731,6.50703508901,5.41947558363,5.6815409026,5.15982600278,6.33584784697,5.76962782982,5.23867696872
5.10129441257,4.84221129814,6.37937032702,5.03119022194,6.39737160367,5.96557178214,5.95828920534,5.6252927772,5.27399624253,5.85668585041,5.29441846932,6.20806784976,5.42616252351,6.04086415199,5.8338257665,5.39213463466,5.29686026248,5.72620384386,5.70396848352,6.92038067564,6.67072003133,7.17836322252,5.15910665316,6.43638752338,5.30675692231,5.57759544699,5.13855164896,6.16683854889,5.72222699347,5.09838829114
4.96400519583,4.80865471025,6.26796458285,4.86808717497,6.28907204276,5.86714901541,5.92165174311,5.61212263692,5.24459537641,5.69498471088,5.2300331256,6.20806784976,5.231958642,5.94488814031,5.78609390296,5.30402006777,5.2098676688,5.66080417796,5.61827868457,6.72847033632,6.52914023366,7.11914724499,5.10239588208,6.39804395052,5.24465702579,5.45035002906,5.07806123137,6.04921271912,5.59116554067,4.99232512352
4.74215815944,4.74642585772,6.24509286975,4.81506779035,6.25835328574,5.76378052586,5.62216621019,5.55936882562,5.15898598356,5.55987961385,5.17942466895,6.09471588365,5.18341273382,5.88222337769,5.65647021757,5.25289485858,5.13076010476,5.56657479609,5.53396330495,6.68515284347,6.50413222687,6.94371375508,4.95782554646,6.28870526614,5.15383116217,5.41149126749,5.06716293973,6.04508051351,5.58243685152,4.97134404297
4.54518858125,4.66670666112,6.16277526257,4.74699598836,6.24415139301,5.57087198617,5.538454901,5.51718437691,5.15054888236,5.39725407808,5.14666871188,6.04676547846,5.0866977606,5.84959070579,5.57141693788,5.15675481742,4.97352284161,5.49754845994,5.44308502196,6.63161438907,6.46625933901,6.80439333966,4.94631908384,6.21147584042,5.02939939728,5.34200932313,5.06716293973,5.99477334323,5.54886833391,4.91559498599
4.23062257041,4.58645762089,5.93476225794,4.5534857579,6.24415139301,5.54409720853,5.4905043372,5.4069640644,5.12496860634,5.39724212688,5.00424487475,6.03824083607,5.0866977606,5.83620831303,5.52815511458,5.15142577748,4.83929824325,5.45660277383,5.32391553702,6.48524483715,6.40336838693,6.72965970203,4.94599991621,6.19315957414,4.87907974786,5.27723477083,5.06258228491,5.87160705159,5.41951975078,4.90533431219
4.12539601499,4.52855519813,5.75446202,4.48147585237,6.22828136095,5.5057281502,5.40903589956,5.22768276721,5.08027251171,5.38480694282,5.00424487475,6.03824083607,5.08269905125,5.78386384393,5.45764144995,5.037559753,4.73541523567,5.42810266263,5.20703744047,6.37005099758,6.25172795839,6.62424042576,4.90912165853,6.10135836907,4.83021659925,5.24770288318,5.04930145653,5.85144013266,5.22944997063,4.85544011935
4.07136519531,4.51428797281,5.68376089118,4.44521218112,6.22828136095,5.44041832206,5.35710610694,5.17196074967,5.0294951599,5.32083455924,5.00424487475,6.02176089935,5.08044331432,5.55986327806,5.31180688506,4.95536053375,4.69879842346,5.30363932906,5.09846906932,6.05340805083,6.16890429416,6.61830855792,4.87906668984,6.0853520818,4.78476559438,5.23292270526,4.99287562133,5.74506249904,5.22944997063,4.80606372366
3.96107067404,4.51256335013,5.67225963455,4.33825467281,6.22828136095,5.41076449572,5.30316050249,5.17189817377,4.95295138175,5.20995089846,4.96408027992,6.01884070226,5.04017234546,5.46598204848,5.25671002156,4.90351074378,4.69879842346,5.27620377969,5.04672726235,5.85497886278,6.13949067452,6.58779895884,4.87906668984,5.91111333174,4.70711458796,5.20031145162,4.88385745343,5.66149912174,5.20520268147,4.68317511606
3.8858879994,4.47509512374,5.61371432547,4.28698986998,6.2013818949,5.25229502056,5.30316050249,5.16167438749,4.90980375257,5.07456765421,4.96408027992,6.01884070226,5.02773918418,5.46598204848,5.20781680052,4.85291677164,4.69829602702,5.21301922463,4.95998863535,5.79331666767,6.06140502147,6.50753666773,4.81787824847,5.89330548285,4.67829588644,5.20031145162,4.80470604364,5.61616946356,5.16058960774,4.66461383541
3.79602628088,4.44097415454,5.60981976371,4.18859265276,6.2013818949,5.25229502056,5.26227445398,5.16167438749,4.78475691041,5.03850250188,4.83850142066,5.92985911111,5.02773918418,5.31384440343,5.20781680052,4.81971351397,4.67801040742,5.097863749,4.95998863535,5.64695098994,6.01313805304,6.50753666773,4.78114111486,5.8359444953,4.5965543063,5.13652476237,4.65456032296,5.43011439143,5.12998479447,4.66461383541
3.79602628088,4.34223360741,5.54684272739,4.11176856988,6.18856532845,5.19404936412,5.25204765651,5.16167438749,4.77377079703,4.92097467865,4.78522356729,5.92985911111,5.01225833166,5.21566703443,5.1911801418,4.81971351397,4.67801040742,5.06794048172,4.95998863535,5.44864036136,5.97678668593,6.49581112514,4.70703447419,5.72803885112,4.55923694629,5.11831740805,4.51292204394,5.43011439143,5.0816468649,4.66461383541
3.67659889966,4.34223360741,5.45594417928,4.10327069751,6.1564670878,5.16871840681,5.19442638449,5.16167438749,4.74462821999,4.87214021623,4.76854259248,5.87765621468,4.99588458369,5.01034674768,5.13011089335,4.81853469191,4.67801040742,4.86974872224,4.9531968905,5.3374878132,5.84648275137,6.49581112514,4.69961844936,5.70955182824,4.46297554039,5.09723765419,4.51292204394,5.24668410429,4.9574489781,4.65794348839
3.65306084792,4.28765602793,5.39153448782,4.098666701,6.15427614255,5.15866761111,5.18094552506,5.16167438749,4.65942354687,4.84148337022,4.72715272323,5.8585332529,4.81874943826,4.92574113399,5.13011089335,4.74555947936,4.66445897662,4.86974872224,4.92468051503,5.16344285106,5.79235985783,6.40635120852,4.6724735706,5.58889934134,4.3335373973,5.0783908451,4.5036977688,5.20005961778,4.87538950798,4.63809833909
3.60489369345,4.22765535482,5.39153448782,4.08515551008,6.10312776542,5.15866761111,5.17794054696,5.16167438749,4.62976131932,4.81050030514,4.69092089542,5.8585332529,4.80046047007,4.89664722324,5.0693162283,4.74555947936,4.64182302841,4.86974872224,4.90002228634,5.08271424196,5.73558516602,6.40635120852,4.6724735706,5.53072531052,4.2879979645,5.05572611033,4.42056000976,5.20005961778,4.80033676206,4.61973398435
3.48182271113,4.17522373344,5.33683267928,4.05586463448,6.10312776542,5.15866761111,5.12169412439,5.16167438749,4.57639909233,4.78794527072,4.66960108321,5.79742460654,4.72286934443,4.88294793964,5.0693162283,4.73507460691,4.54929192888,4.85577031826,4.88540941443,5.03905069326,5.71657219259,6.38526785639,4.61640075,5.49791287969,4.28266357782,5.01572402056,4.42056000976,5.10393634579,4.75074318276,4.50460801571
3.48182271113,4.14227757555,5.31791659595,4.04228880978,6.10312776542,5.143438313,5.10356797263,5.16167438749,4.56938118824,4.77251113365,4.66960108321,5.75626763079,4.70155947425,4.8459804371,5.06197636621,4.67471428319,4.53314725698,4.80809644907,4.88100088942,5.00275176634,5.71657219259,6.38183201783,4.58761359313,5.4263451215,4.25177114663,4.95654397736,4.39466610518,5.02103153989,4.75074318276,4.50460801571
3.4707582144,4.09267344549,5.29459342297,4.01228917126,6.05953404811,5.143438313,5.09935203504,5.16167438749,4.52664608414,4.76525234049,4.66960108321,5.68535327249,4.70155947425,4.8459804371,5.05942757595,4.56722510682,4.49410549331,4.73182208427,4.82457914698,5.00275176634,5.70960704696,6.38183201783,4.58761359313,5.30088817502,4.24236422581,4.9267629245,4.39466610518,5.01260331999,4.70663604212,4.41525888954
3.4373191393,4.02485166256,5.19483172069,4.01228917126,6.03277660456,5.13569474919,5.00426198878,5.16167438749,4.51536421424,4.76525234049,4.66960108321,5.63508059625,4.69451635442,4.8459804371,5.05527788074,4.52643790537,4.49410549331,4.72365105928,4.81471435161,4.90933784788,5.62514265657,6.38183201783,4.58761359313,5.28853818797,4.20116855775,4.89622457627,4.38427042999,5.00430937671,4.70663604212,4.41525888954
3.4373191393,3.97106192014,5.16808503132,3.96193493625,6.00013123059,5.13569474919,4.89750299256,5.16167438749,4.48718576307,4.76525234049,4.66960108321,5.62224427041,4.69451635442,4.83640676253,5.04525935752,4.50796619804,4.45366269001,4.70391580203,4.80558126422,4.86302983938,5.60664423284,6.38183201783,4.54967987778,5.27311008172,4.19954762097,4.87203349119,4.38427042999,5.00430937671,4.69055141889,4.39466789202
3.41103129711,3.97106192014,5.1533031457,3.94629511977,5.98376159683,5.13569474919,4.85936750314,5.15751630022,4.48718576307,4.76525234049,4.66960108321,5.60070254717,4.69451635442,4.83640676253,5.01276037711,4.50796619804,4.40323858258,4.693573723,4.72852786048,4.78710265344,5.5199863934,6.36366789452,4.54967987778,5.13644948539,4.19606931447,4.87203349119,4.36605097976,5.00430937671,4.65489296466,4.2797314399
3.41103129711,3.96623731676,5.12547648091,3.90848147698,5.93906836383,5.13569474919,4.78969116942,5.11729560696,4.48718576307,4.76525234049,4.66960108321,5.60070254717,4.69451635442,4.83639409331,5.00485122479,4.48036791823,4.36011005943,4.67901067515,4.72852786048,4.77856554373,5.48814356383,6.36366789452,4.51961264637,5.11562644856,4.19606931447,4.83254965559,4.35078222726,4.99729611619,4.64393242026,4.2797314399
3.41103129711,3.96623731676,5.12547648091,3.90848147698,5.92846819455,5.13569474919,4.78969116942,5.11729560696,4.46291504128,4.76525234049,4.66960108321,5.59561065047,4.69445551252,4.83286965523,5.00485122479,4.43437118766,4.3236548407,4.67127017702,4.69779626241,4.7422750525,5.32812418802,6.36366789452,4.51961264637,5.10887308956,4.17679261199,4.76218458397,4.35078222726,4.94304655275,4.64393242026,4.2797314399
3.41103129711,3.96623731676,5.12225716205,3.85567373707,5.91805020372,5.09901565472,4.75354880383,5.1055209257,4.46291504128,4.76525234049,4.63329668304,5.58221437997,4.68476002256,4.83286965523,5.00485122479,4.38343678278,4.32026802239,4.66298283759,4.69779626241,4.71408711512,5.32537465668,6.36366789452,4.51961264637,5.06076933355,4.14056901649,4.67078667171,4.35078222726,4.88612998016,4.59494090762,4.25907282183
3.37381636638,3.96623731676,5.1211885823,3.83562613386,5.86680745357,5.09239381799,4.73672233077,5.1055209257,4.38958936885,4.76525234049,4.63329668304,5.56501203881,4.68476002256,4.83286965523,4.96421405689,4.34728324893,4.15716388922,4.63985176304,4.69495233799,4.71408711512,5.17248307673,6.36366789452,4.51961264637,4.99293747263,4.12034112073,4.6436015169,4.2204771757,4.81947210875,4.59494090762,4.24367244025
3.37381636638,3.96623731676,5.11354436901,3.8189224209,5.81425692567,5.08804221258,4.68535625262,5.1055209257,4.32306772713,4.76510853396,4.62217639442,5.54933930783,4.68476002256,4.83286965523,4.93922731816,4.34728324893,4.11628889068,4.6278049777,4.67184356818,4.66149608836,5.1410686451,6.36366789452,4.50367187764,4.99293747263,4.09769027341,4.6037965436,4.16294895884,4.76785940094,4.59494090762,4.20281528974
3.37381636638,3.94176966993,5.00676522613,3.79714244221,5.81425692567,5.07500065846,4.62751865158,5.0992373795,4.32306772713,4.76510853396,4.61832646065,5.54933930783,4.67122175756,4.8296397008,4.91243988851,4.31994366858,4.11628889068,4.6278049777,4.67184356818,4.55306871881,5.12658419966,6.35723413568,4.50272740857,4.99293747263,4.09435358611,4.6037965436,4.10294125759,4.74506285596,4.59494090762,4.16022041756
3.37381636638,3.85948083923,5.00295797934,3.76632958102,5.78846558765,5.07500065846,4.62751865158,5.0992373795,4.29072413896,4.76510853396,4.61832646065,5.48893396094,4.67122175756,4.8296397008,4.91243988851,4.31994366858,4.11628889068,4.52990116267,4.56653730361,4.46654135367,5.10775113548,6.326219439,4.47829495607,4.92598794169,4.05335770092,4.6037965436,4.10294125759,4.68656577923,4.55542248227,4.08269687034
3.37381636638,3.8386732302,4.899880564,3.60427091419,5.78846558765,5.04400505924,4.62751865158,5.0992373795,4.25719695353,4.74739806424,4.61832646065,5.37992000849,4.67122175756,4.8296397008,4.88552966797,4.31994366858,4.11628889068,4.47482754187,4.44974022577,4.41661787301,5.04390894668,6.326219439,4.47829495607,4.84229583236,4.00598681018,4.6037965436,4.09173324491,4.6188372677,4.55542248227,4.08269687034
3.37381636638,3.8386732302,4.80267984907,3.60427091419,5.78846558765,5.04400505924,4.59901234341,5.0992373795,4.25719695353,4.62002484253,4.61832646065,5.35852207275,4.67122175756,4.8296397008,4.86629581256,4.30625282444,4.11628889068,4.4739746317,4.39760452064,4.37406686493,4.95589248009,6.29572103349,4.45995351251,4.80393113346,3.95251682894,4.6037965436,4.09173324491,4.6188372677,4.55542248227,4.08269687034
3.37381636638,3.8386732302,4.79475660713,3.56462793791,5.78846558765,5.03910682153,4.54467999617,5.0992373795,4.25719695353,4.62002484253,4.61832646065,5.35852207275,4.67122175756,4.80596962851,4.86629581256,4.28483392766,4.0204073541,4.43462905544,4.34507541309,4.37406686493,4.92218502339,6.2613811783,4.43653498156,4.77250906051,3.93725587643,4.6037965436,4.06916208707,4.60012140947,4.55542248227,4.06345907254
3.37381636638,3.8386732302,4.79475660713,3.55712844334,5.77226194419,5.03595631383,4.48795233429,5.08525061245,4.19996534671,4.62002484253,4.61832646065,5.30985404433,4.67122175756,4.80596962851,4.86629581256,4.23450017303,4.01650630043,4.39673715219,4.32986830799,4.36364278496,4.78755876306,6.25849962207,4.39398487826,4.70804104563,3.93725587643,4.6037965436,4.0548561533,4.56090474911,4.55542248227,4.01966877181
3.37381636638,3.8386732302,4.79276362853,3.54364822881,5.75491982332,5.03595631383,4.48795233429,5.08238487708,4.19996534671,4.62002484253,4.61345061143,5.30985404433,4.67122175756,4.80596962851,4.86629581256,4.23450017303,4.01650630043,4.39673715219,4.32553029525,4.33093151194,4.7816898655,6.25849962207,4.37844847124,4.70804104563,3.93725587643,4.52393152718,4.0548561533,4.55665517114,4.5458789302,3.95253213442
3.37381636638,3.8348453475,4.68815837447,3.52483680345,5.73682103179,5.02407972743,4.43280386375,5.07456128116,4.19996534671,4.62002484253,4.61345061143,5.30985404433,4.66907226024,4.71920900548,4.86629581256,4.23450017303,4.00245368785,4.39673715219,4.29917170614,4.28866311253,4.77066930316,6.25245515476,4.37844847124,4.68292982882,3.88775401269,4.52393152718,4.0548561533,4.55665517114,4.5458789302,3.94279988309
3.35064069016,3.8348453475,4.65331401023,3.52483680345,5.65540669708,5.02407972743,4.40907513557,5.02517017115,4.18090653705,4.62002484253,4.59999257743,5.2743732373,4.66907226024,4.71920900548,4.80641133289,4.23450017303,4.00245368785,4.39673715219,4.22515925254,4.28866311253,4.75061130663,6.07327402502,4.37680342408,4.62870228323,3.88775401269,4.51721820807,4.0548561533,4.46807003525,4.5458789302,3.94279988309
3.35064069016,3.8348453475,4.60515397868,3.52483680345,5.51332900213,5.02407972743,4.40907513557,5.02116606278,4.18090653705,4.62002484253,4.59177605191,5.22303564785,4.66269148156,4.71617265542,4.76870860327,4.23450017303,4.00245368785,4.3843470169,4.22515925254,4.25705452386,4.73942270762,6.07283777765,4.34277579407,4.61710072846,3.84421037073,4.46739000293,4.0548561533,4.46681278095,4.5458789302,3.79369830221
3.35064069016,3.8348453475,4.55673279664,3.52483680345,5.49594054138,5.02401361846,4.36684861779,5.00598832269,4.18090653705,4.57388423657,4.59177605191,5.22303564785,4.66269148156,4.66580356786,4.76870860327,4.17589399654,4.00245368785,4.3843470169,4.22515925254,4.23838796809,4.71181064205,6.03009643872,4.33958675735,4.60964592418,3.84421037073,4.38434785635,4.04770355913,4.46140070858,4.4882154996,3.79369830221
3.35064069016,3.82762973315,4.53116801271,3.52483680345,5.44733704305,5.02401361846,4.36384196985,5.00598832269,4.18090653705,4.54465224882,4.59177605191,5.2208141135,4.66269148156,4.66580356786,4.76870860327,4.17402185603,4.00245368785,4.36260190152,4.2231965701,4.23785610567,4.70658972078,6.03009643872,4.33958675735,4.60073963047,3.80715240908,4.37397363987,4.0457987485,4.45622425899,4.41250375727,3.79369830221
3.35064069016,3.82762973315,4.43699790534,3.52483680345,5.4287445748,4.98584317186,4.36384196985,5.00219949363,4.18090653705,4.54465224882,4.59177605191,5.2208141135,4.66269148156,4.62650811061,4.75645634654,4.17389444183,4.00245368785,4.34161659819,4.21936027822,4.23785610567,4.70658972078,6.03009643872,4.33958675735,4.57597009846,3.6876459774,4.37397363987,4.0457987485,4.43956625764,4.39190427871,3.78564501149
3.35064069016,3.82762973315,4.42578958223,3.52483680345,5.37739891646,4.98584317186,4.36384196985,5.00219949363,4.18090653705,4.52408751708,4.58451601484,5.2208141135,4.63365273146,4.62650811061,4.7535679601,4.16149416834,4.00245368785,4.34161659819,4.17992724471,4.20806354238,4.70626825366,5.9390203955,4.33958675735,4.57597009846,3.6876459774,4.37397363987,4.04544113784,4.43956625764,4.37519698828,3.78235584158
3.35064069016,3.82762973315,4.41769484146,3.50905537507,5.37739891646,4.98584317186,4.36384196985,4.97024583664,4.18090653705,4.52408751708,4.58451601484,5.19162783831,4.63365273146,4.62650811061,4.7535679601,4.12372511388,4.00245368785,4.29222594749,4.17992724471,4.15923303584,4.68388804467,5.80713016092,4.30316450637,4.57597009846,3.67579742341,4.37397363987,4.03637290024,4.39088640108,4.37519698828,3.78235584158
3.35064069016,3.82762973315,4.41595673974,3.50905537507,5.29370190531,4.98584317186,4.34108151868,4.93605116762,4.18090653705,4.52408751708,4.58451601484,5.1761039061,4.63365273146,4.62650811061,4.7535679601,4.10629491461,4.00245368785,4.24652897146,4.17992724471,4.09621901536,4.6617198016,5.80258943696,4.29373225606,4.56349364807,3.6668268574,4.37397363987,4.03637290024,4.39088640108,4.33332622168,3.78235584158
3.35064069016,3.82762973315,4.41595673974,3.49570953887,5.29370190531,4.98584317186,4.34108151868,4.93605116762,4.18090653705,4.5070788724,4.55389908748,5.1761039061,4.63365273146,4.62650811061,4.75017364657,4.10629491461,3.97932170657,4.24652897146,4.15887389494,4.07871455738,4.60981896773,5.80258943696,4.25492079699,4.56349364807,3.64617664573,4.3521133686,4.03637290024,4.39088640108,4.32474171859,3.78235584158
3.35064069016,3.82762973315,4.41595673974,3.41239701155,5.29370190531,4.9801650546,4.34108151868,4.87091365925,4.10399304511,4.5070788724,4.55389908748,5.16185055603,4.63365273146,4.62650811061,4.7450746112,4.10629491461,3.97932170657,4.24652897146,4.1185355619,4.04499762128,4.60981896773,5.75205890862,4.22550617944,4.56349364807,3.64617664573,4.3521133686,4.03637290024,4.39088640108,4.29854141707,3.78235584158
3.29066404928,3.82762973315,4.41516443536,3.36655178649,5.27354043672,4.9162366835,4.34108151868,4.78271560428,4.10304360003,4.5070788724,4.55389908748,5.16185055603,4.63365273146,4.62650811061,4.7450746112,4.10629491461,3.97932170657,4.24652897146,4.1185355619,4.04499762128,4.60726967921,5.61056536443,4.17154276761,4.53733212406,3.64617664573,4.3521133686,4.03637290024,4.35863711896,4.29854141707,3.7464830353
3.29066404928,3.82762973315,4.41516443536,3.35068941469,5.17554682821,4.89412710508,4.34108151868,4.78271560428,4.04987339236,4.5070788724,4.55389908748,5.16185055603,4.63365273146,4.62650811061,4.72531727292,4.10629491461,3.97932170657,4.24652897146,4.05031124592,3.98680237547,4.55660510954,5.58846244046,4.12818549632,4.51955748072,3.64617664573,4.3521133686,4.03171210377,4.35863711896,4.29854141707,3.71757447076
3.29066404928,3.82762973315,4.40376718946,3.35068941469,5.17237243883,4.89412710508,4.3012926899,4.78271560428,4.02316389611,4.5070788724,4.55389908748,5.12889048229,4.63365273146,4.60147314029,4.72531727292,4.10629491461,3.97932170657,4.24652897146,4.05031124592,3.97862993895,4.55660510954,5.58846244046,4.09462727201,4.51955748072,3.64617664573,4.32493267215,4.03171210377,4.32889452904,4.18323106836,3.71757447076
3.27993759615,3.82762973315,4.40376718946,3.35068941469,5.17237243883,4.89412710508,4.17434720619,4.72734029561,4.02316389611,4.5070788724,4.53259776546,5.12319527268,4.63365273146,4.60075162007,4.72531727292,4.10629491461,3.97932170657,4.22679413782,4.05031124592,3.94794192551,4.55660510954,5.58846244046,4.08675061068,4.51955748072,3.64617664573,4.31100896821,4.03171210377,4.32889452904,4.17342584584,3.71757447076
3.27993759615,3.82762973315,4.40376718946,3.26417100989,5.14245092518,4.84790750073,4.17434720619,4.72734029561,4.02316389611,4.5070788724,4.51433536566,5.06754857056,4.63365273146,4.60075162007,4.67250433368,4.10629491461,3.97932170657,4.22679413782,4.03155482747,3.88218263171,4.5287584727,5.55891779368,4.08448555456,4.51955748072,3.64617664573,4.31100896821,4.03171210377,4.32889452904,4.17342584584,3.71757447076
3.21858568643,3.82762973315,4.40376718946,3.25770760484,5.14134414038,4.83746552119,4.17434720619,4.72734029561,3.99674028013,4.5070788724,4.51433536566,4.98601813264,4.63365273146,4.60075162007,4.62512784892,4.08947190339,3.97932170657,4.22679413782,4.03155482747,3.81468776571,4.51825610409,5.53093457946,4.08448555456,4.51955748072,3.64617664573,4.29494656335,4.03171210377,4.32889452904,4.17342584584,3.71757447076
3.21858568643,3.82762973315,4.40376718946,3.24640965267,5.13940379886,4.76400273346,4.17434720619,4.72734029561,3.99674028013,4.5070788724,4.51433536566,4.95363160579,4.63365273146,4.60075162007,4.61327577868,4.06500465076,3.97932170657,4.22679413782,4.03155482747,3.8082523091,4.50304222703,5.53093457946,4.06604185696,4.51955748072,3.64617664573,4.29494656335,4.03171210377,4.32685114348,4.12830466641,3.71757447076
3.21858568643,3.82762973315,4.40376718946,3.24640965267,5.07250219933,4.76286969899,4.15415811587,4.72734029561,3.99674028013,4.49668069725,4.51144134619,4.95052352771,4.63365273146,4.60075162007,4.61327577868,4.06500465076,3.97932170657,4.22679413782,4.03155482747,3.71891096875,4.50105865135,5.52875588609,4.06604185696,4.49713130841,3.64617664573,4.29494656335,4.03171210377,4.29951912937,4.11513985718,3.71757447076
3.21858568643,3.82762973315,4.39082010885,3.19083013035,5.07250219933,4.75073332573,4.15415811587,4.72734029561,3.99674028013,4.46574587217,4.51144134619,4.95052352771,4.63365273146,4.60075162007,4.5684210112,4.05512901973,3.97932170657,4.22679413782,4.03155482747,3.71891096875,4.35747429488,5.4643190634,4.04003885387,4.47291797957,3.64617664573,4.29481369285,4.03171210377,4.29951912937,4.08828701711,3.71757447076
3.21858568643,3.82762973315,4.38858582789,3.19083013035,5.06602304668,4.74901719989,4.12383273706,4.72734029561,3.99674028013,4.46574587217,4.51144134619,4.88549914018,4.63365273146,4.57713792946,4.56566509419,4.05512901973,3.95979666222,4.22679413782,4.03155482747,3.71891096875,4.30532177244,5.44357899195,4.03439189731,4.46725694242,3.64617664573,4.29481369285,4.02105270978,4.29951912937,4.08828701711,3.71223011393
3.21858568643,3.82762973315,4.38858582789,3.19083013035,5.03476635906,4.74901719989,4.12383273706,4.72734029561,3.99674028013,4.45392968271,4.51144134619,4.88549914018,4.63365273146,4.57713792946,4.4498033315,4.05512901973,3.92671280531,4.22679413782,4.03155482747,3.71891096875,4.29914219115,5.41038738241,4.03439189731,4.46725694242,3.64617664573,4.29481369285,4.02105270978,4.29951912937,4.08828701711,3.70841148782
3.21858568643,3.82762973315,4.38858582789,3.19083013035,5.03476635906,4.74901719989,4.12383273706,4.72734029561,3.99674028013,4.45392968271,4.42086568252,4.860311212,4.63365273146,4.57713792946,4.44624764112,4.05512901973,3.85872644432,4.22679413782,4.03155482747,3.69430483283,4.28788215194,5.36426666322,4.03439189731,4.46725694242,3.64617664573,4.29481369285,4.02105270978,4.29951912937,4.02308926544,3.70841148782
3.21858568643,3.82762973315,4.36997061594,3.19083013035,5.03476635906,4.74901719989,4.12383273706,4.72734029561,3.99674028013,4.45392968271,4.42086568252,4.860311212,4.63365273146,4.57713792946,4.41386924245,4.05512901973,3.85872644432,4.22679413782,4.03155482747,3.69430483283,4.28155268024,5.36426666322,4.03154968674,4.46725694242,3.64617664573,4.29481369285,4.02105270978,4.29951912937,3.99877216378,3.70841148782
3.19311829018,3.82762973315,4.32582379001,3.19083013035,5.03160947452,4.74901719989,4.12383273706,4.72734029561,3.99674028013,4.42130197913,4.42086568252,4.860311212,4.63365273146,4.57713792946,4.41386924245,4.05512901973,3.79608366022,4.22289716256,4.03155482747,3.69430483283,4.28155268024,5.36426666322,4.03154968674,4.46406111832,3.64617664573,4.29481369285,4.02105270978,4.28346839463,3.99806782271,3.70841148782
3.19311829018,3.82762973315,4.31286086541,3.19083013035,5.02552874612,4.74901719989,4.12383273706,4.72734029561,3.99674028013,4.42130197913,4.42086568252,4.860311212,4.61372656575,4.57713792946,4.41386924245,4.05512901973,3.70050746092,4.22289716256,4.03155482747,3.69430483283,4.26470317415,5.36090912302,4.03154968674,4.46406111832,3.64617664573,4.29481369285,4.02105270978,4.2669011842,3.99806782271,3.7058968305
3.19014699921,3.82762973315,4.28670392157,3.19083013035,5.02264883707,4.74901719989,4.12383273706,4.72734029561,3.99674028013,4.42130197913,4.41706645802,4.860311212,4.61372656575,4.56819479521,4.41386924245,4.05512901973,3.59763448291,4.22289716256,4.03155482747,3.69430483283,4.24501869338,5.33884122761,4.03154968674,4.46406111832,3.64617664573,4.29481369285,4.02105270978,4.2669011842,3.95191275806,3.7058968305
3.15710378507,3.82762973315,4.27439971886,3.13850651934,5.02264883707,4.74901719989,4.12383273706,4.72734029561,3.99674028013,4.42130197913,4.40003735492,4.860311212,4.61372656575,4.56819479521,4.40469272781,4.05512901973,3.59763448291,4.19642811002,4.03155482747,3.69430483283,4.23655526379,5.27316128919,4.03154968674,4.46406111832,3.64617664573,4.29481369285,4.02105270978,4.2669011842,3.95191275806,3.7058968305
3.15710378507,3.82762973315,4.27290794048,3.13850651934,5.02264883707,4.74901719989,4.12383273706,4.72734029561,3.98668881089,4.42130197913,4.36293582969,4.85798518941,4.57178101272,4.56819479521,4.39310687897,4.05512901973,3.59763448291,4.19642811002,4.03155482747,3.69430483283,4.2278037257,5.27316128919,4.03154968674,4.46406111832,3.64617664573,4.29481369285,3.9761098047,4.2669011842,3.95191275806,3.61200170557
3.15710378507,3.82762973315,4.25358684278,3.13850651934,5.02264883707,4.74901719989,4.12383273706,4.72734029561,3.95828363925,4.42130197913,4.34658358762,4.85798518941,4.4827144679,4.56255392404,4.3690010584,4.05512901973,3.58985758099,4.19618095133,4.03155482747,3.69430483283,4.2278037257,5.27316128919,4.03154968674,4.45521651608,3.64617664573,4.29481369285,3.92974284544,4.2669011842,3.93582564034,3.61200170557
3.15710378507,3.82762973315,4.25358684278,3.11452289573,5.02264883707,4.73322688258,4.12383273706,4.72734029561,3.95828363925,4.42130197913,4.29347922944,4.84007511972,4.4827144679,4.50825793209,4.33697110753,4.05512901973,3.58985758099,4.19583159786,4.03155482747,3.69430483283,4.21721459537,5.27316128919,4.03154968674,4.45521651608,3.64617664573,4.29481369285,3.8847104808,4.2669011842,3.93582564034,3.59794654296
3.15710378507,3.82762973315,4.25358684278,3.11452289573,5.0089277758,4.73322688258,4.12383273706,4.72734029561,3.95828363925,4.42130197913,4.28752103458,4.84007511972,4.44459610024,4.50825793209,4.33697110753,4.05015649276,3.53126674064,4.19583159786,4.03155482747,3.66421514109,4.21721459537,5.27316128919,4.03154968674,4.45521651608,3.64617664573,4.2477555252,3.8847104808,4.2669011842,3.93582564034,3.59794654296
3.15710378507,3.82762973315,4.24162974113,3.11452289573,4.97637568615,4.72446135685,4.12383273706,4.71449769732,3.95133906634,4.42130197913,4.28752103458,4.81014998536,4.44459610024,4.50825793209,4.33697110753,3.98496122786,3.53126674064,4.19583159786,4.03155482747,3.66421514109,4.21721459537,5.27316128919,4.03154968674,4.45521651608,3.64617664573,4.2477555252,3.87417266808,4.21436223705,3.93582564034,3.59794654296
3.14875414827,3.82762973315,4.23209313756,3.11452289573,4.93820486469,4.72446135685,4.12383273706,4.69469565382,3.95133906634,4.42130197913,4.25950713411,4.81014998536,4.43955499404,4.49301583498,4.33697110753,3.98496122786,3.53126674064,4.19583159786,4.03155482747,3.66421514109,4.21721459537,5.27316128919,4.03154968674,4.43108300454,3.64617664573,4.23244238573,3.87417266808,4.19120670929,3.93582564034,3.59794654296
3.12639104762,3.82762973315,4.23209313756,3.11452289573,4.93820486469,4.71160766915,4.12383273706,4.63642173822,3.91280383405,4.42130197913,4.25950713411,4.81014998536,4.42066387558,4.49301583498,4.3196414294,3.98496122786,3.53126674064,4.19583159786,4.03155482747,3.64897854266,4.21721459537,5.27316128919,4.03154968674,4.43108300454,3.64617664573,4.23244238573,3.87417266808,4.19120670929,3.93582564034,3.59794654296
3.09402358795,3.82762973315,4.23209313756,3.11452289573,4.93820486469,4.69692602308,4.12383273706,4.63642173822,3.90331354981,4.42130197913,4.25950713411,4.81014998536,4.37816676743,4.4497894794,4.3196414294,3.98496122786,3.53126674064,4.19583159786,4.03155482747,3.64897854266,4.21721459537,5.27316128919,4.02897998482,4.43053762835,3.64617664573,4.23244238573,3.87417266808,4.12124191126,3.93582564034,3.59794654296
3.01447806122,3.82762973315,4.2151346801,3.11452289573,4.93820486469,4.67404259755,4.12383273706,4.58609918373,3.90331354981,4.42130197913,4.24171152002,4.81014998536,4.34391969047,4.4497894794,4.3196414294,3.98496122786,3.53126674064,4.19583159786,4.03155482747,3.64897854266,4.21721459537,5.27316128919,4.02897998482,4.43053762835,3.64617664573,4.21711391792,3.87417266808,4.10944931958,3.93582564034,3.54565104095
2.94991693435,3.82762973315,4.2151346801,3.11452289573,4.93820486469,4.61405638847,4.08162229613,4.58609918373,3.90331354981,4.42130197913,4.20062103015,4.81014998536,4.29600513603,4.40856331935,4.3196414294,3.98496122786,3.53126674064,4.19583159786,4.03155482747,3.64897854266,4.21721459537,5.27307326737,4.00589666225,4.43053762835,3.58570850068,4.2153091292,3.87417266808,4.10944931958,3.93582564034,3.54565104095
2.94991693435,3.82762973315,4.2151346801,3.11452289573,4.93820486469,4.59547937376,4.08162229613,4.58609918373,3.90331354981,4.42130197913,4.1477315366,4.76734046039,4.1781054902,4.40856331935,4.3196414294,3.98496122786,3.53126674064,4.19583159786,4.03155482747,3.63061725662,4.21721459537,5.27307326737,4.00589666225,4.40870936458,3.58570850068,4.21148695277,3.87417266808,4.06418868194,3.93582564034,3.54565104095
2.94542611118,3.82762973315,4.2151346801,3.09686056434,4.93820486469,4.56536200944,4.08162229613,4.58287735987,3.90331354981,4.42130197913,4.14656152135,4.76298767387,4.1781054902,4.40856331935,4.3196414294,3.98496122786,3.53126674064,4.19583159786,4.03155482747,3.63061725662,4.21721459537,5.27307326737,4.00589666225,4.40870936458,3.57292916841,4.21148695277,3.87417266808,4.06418868194,3.81897527666,3.54565104095
2.94542611118,3.82762973315,4.2151346801,3.09686056434,4.93820486469,4.52149976531,4.08162229613,4.58287735987,3.90331354981,4.42130197913,4.08543335453,4.73942017107,4.1572622477,4.40856331935,4.3196414294,3.98496122786,3.53126674064,4.19583159786,4.03155482747,3.63061725662,4.19522622297,5.27307326737,4.00589666225,4.40870936458,3.5618526556,4.16955226056,3.87417266808,4.06076737316,3.81897527666,3.54565104095
2.94542611118,3.82762973315,4.2151346801,3.07719620571,4.93820486469,4.52149976531,4.08162229613,4.54015668796,3.84613444728,4.41155702627,4.08543335453,4.73643282909,4.1572622477,4.40856331935,4.3196414294,3.97779487135,3.53126674064,4.19583159786,4.03155482747,3.63061725662,4.19522622297,5.25123649944,4.00589666225,4.40870936458,3.5618526556,4.16955226056,3.87417266808,4.02111371161,3.77134505953,3.51785695707
2.94542611118,3.82762973315,4.2151346801,3.03963331419,4.93820486469,4.52149976531,4.08162229613,4.54015668796,3.84613444728,4.40702357544,4.0810563008,4.73643282909,4.1572622477,4.40856331935,4.3196414294,3.97690595818,3.53126674064,4.19583159786,4.03155482747,3.63061725662,4.15811042252,5.21765355527,4.00589666225,4.40870936458,3.5618526556,4.16955226056,3.87417266808,3.99896776289,3.77134505953,3.5002647829
2.94542611118,3.82762973315,4.21024743589,3.03963331419,4.93820486469,4.50557365474,4.08162229613,4.51642161742,3.84613444728,4.40702357544,4.05381825101,4.73643282909,4.1572622477,4.40856331935,4.3196414294,3.91133089408,3.53126674064,4.19583159786,4.03155482747,3.62594817945,4.15811042252,5.17358946231,4.00589666225,4.40145854642,3.56182594488,4.1635814095,3.87417266808,3.99651594645,3.77134505953,3.5002647829
2.92536944322,3.82762973315,4.14974168603,3.03963331419,4.93820486469,4.50557365474,4.08162229613,4.51642161742,3.84613444728,4.36451047246,3.95163750656,4.73643282909,4.1572622477,4.38575535408,4.29042791769,3.91133089408,3.53126674064,4.19583159786,4.03155482747,3.62594817945,4.15811042252,5.17358946231,4.00589666225,4.383454026,3.56182594488,4.1489649593,3.86451320398,3.98357360943,3.77134505953,3.43319097373
2.91216294902,3.82762973315,4.1037317584,3.03963331419,4.93180598862,4.50557365474,4.08162229613,4.51642161742,3.84613444728,4.3541494375,3.92700578732,4.73643282909,4.1572622477,4.38575535408,4.28302556547,3.91133089408,3.53126674064,4.19583159786,4.03155482747,3.62594817945,4.13374231519,5.1376952323,4.00589666225,4.383454026,3.56182594488,4.1489649593,3.86451320398,3.98357360943,3.77134505953,3.43319097373
