21.6035449735
20.9816402116
20.5273015873
20.1406878307
19.8315873016
19.5482010582
19.2840740741
19.1098941799
18.9505291005
18.8120634921
18.677037037
18.5531216931
18.4425396825
18.3328571429
18.201957672
18.1124867725
18.0226984127
17.9437037037
17.8904761905
17.819047619
17.7661375661
17.7004761905
17.6414814815
17.5933862434
17.5552910053
17.4993121693
17.4320634921
17.3842857143
17.3287830688
17.2916931217
17.244021164
17.2019047619
17.1571428571
17.1324338624
17.1034391534
17.077037037
17.0507936508
17.0273015873
17.0029100529
16.9661375661
16.9359259259
16.9044444444
16.8769312169
16.8574074074
16.8377777778
16.8247089947
16.7983597884
16.7684126984
16.7513756614
16.7183068783
16.6915343915
16.6747619048
16.6616402116
16.6399470899
16.6224867725
16.6104232804
16.5833333333
16.5694179894
16.5523280423
16.5263492063
16.5003703704
16.4896296296
16.4791534392
16.4766137566
16.4631216931
16.4504232804
16.4411111111
16.4274074074
16.4192063492
16.4086772487
16.3933862434
16.3797354497
16.363015873
16.3485714286
16.338042328
16.3254497354
16.3086772487
16.3036507937
16.2791005291
16.2693121693
16.2616402116
16.2501058201
16.2426984127
16.2328042328
16.223968254
16.2223280423
16.2140740741
16.2023809524
16.1884656085
16.173015873
16.1666137566
16.1597354497
16.1502645503
16.1299470899
16.1213227513
16.1135449735
16.1012169312
16.0874603175
16.0814285714
16.0765608466
