21.2516402116
19.4655026455
18.3705820106
17.5781481481
16.9216402116
16.3834920635
15.9210582011
15.5227513228
15.1834391534
14.8537566138
14.6530687831
14.3924338624
14.1515873016
13.9179365079
13.7187830688
13.5353968254
13.3321693122
13.1438095238
12.9852380952
12.824021164
12.6575132275
12.4956613757
12.3661375661
12.2252380952
12.0984656085
11.9803703704
11.8373015873
11.7603174603
11.6495767196
11.553968254
11.4818518519
11.3949206349
11.3325396825
11.2572486772
11.2489417989
11.1921693122
11.137037037
11.0219047619
11.0119047619
10.9235449735
10.8806878307
10.8242328042
10.7930687831
10.6625925926
10.6775132275
10.7976719577
10.8278306878
10.8764021164
10.7296296296
10.7594179894
10.9218518519
10.9695238095
10.7228042328
10.6864021164
10.8124338624
10.7567195767
10.7785714286
10.9962962963
11.0014814815
10.9735978836
11.174973545
11.1667195767
11.0616931217
11.0501587302
11.0861375661
11.0806878307
10.9963492063
10.9552910053
10.8854497354
10.9165608466
10.8947619048
10.8312698413
10.849047619
10.6963492063
10.786031746
10.7687301587
10.9124867725
10.8455026455
10.7256613757
10.7144973545
10.7016402116
10.7198412698
10.9257142857
10.8468253968
10.8002116402
10.6956613757
10.6498941799
10.6402116402
10.6391005291
10.6032275132
10.6915873016
10.7673544974
10.730952381
10.8167195767
10.7547089947
10.8858201058
10.8903703704
10.8346560847
10.7757142857
10.8317989418
