27.1
24.6333333333
22.5
20.4666666667
19.0666666667
17.8333333333
16.6333333333
15.3333333333
14.2666666667
13.3666666667
12.6666666667
12.0666666667
11.4333333333
10.8333333333
10.1333333333
10.1333333333
9.9
9.56666666667
9.43333333333
9.56666666667
9.1
9.26666666667
9.03333333333
8.8
8.76666666667
8.86666666667
8.76666666667
8.8
8.63333333333
8.56666666667
8.46666666667
8.46666666667
8.5
8.56666666667
8.56666666667
8.5
8.53333333333
8.5
8.6
8.6
8.43333333333
8.56666666667
8.56666666667
8.5
8.53333333333
8.46666666667
8.43333333333
8.3
8.5
8.36666666667
8.46666666667
8.5
8.43333333333
8.6
8.5
8.5
8.46666666667
8.4
8.43333333333
8.36666666667
8.53333333333
8.4
8.53333333333
8.36666666667
8.46666666667
8.6
8.6
8.5
8.53333333333
8.66666666667
8.63333333333
8.63333333333
8.66666666667
8.43333333333
8.56666666667
8.43333333333
8.26666666667
8.4
8.5
8.53333333333
8.5
8.5
8.53333333333
8.5
8.5
8.33333333333
8.36666666667
8.56666666667
8.43333333333
8.5
8.43333333333
8.46666666667
8.56666666667
8.46666666667
8.5
8.4
8.46666666667
8.26666666667
8.36666666667
8.4
