18.7028888889
23.0457037037
26.1266666667
28.3948888889
30.0801481481
31.2736296296
32.1377037037
32.7641481481
33.2240740741
33.5482962963
33.8405185185
34.0418518519
34.2024444444
34.3421481481
34.4451851852
34.5234814815
34.5982222222
34.6407407407
34.6885185185
34.7572592593
34.7835555556
34.8120740741
34.835037037
34.8327407407
34.8552592593
34.8764444444
34.8914814815
34.8671111111
34.8566666667
34.8777037037
34.8236296296
34.8312592593
34.8040740741
34.7786666667
34.7641481481
34.7401481481
34.7259259259
34.7534814815
34.7694074074
34.6941481481
34.6665925926
34.6933333333
34.6237777778
34.604962963
34.625037037
34.632
34.6002222222
34.5764444444
34.6017777778
34.5462222222
34.5707407407
34.5519259259
34.490962963
34.5728148148
34.5455555556
34.5141481481
34.523037037
34.4775555556
34.5174814815
34.5080740741
34.5219259259
34.4718518519
34.4142222222
34.4774814815
34.5845185185
34.5498518519
34.5747407407
34.5825185185
34.5843703704
34.5243703704
34.4391111111
34.4794074074
34.4708148148
34.5041481481
34.5335555556
34.435037037
34.4618518519
34.4403703704
34.4268148148
34.4847407407
34.4320740741
34.4259259259
34.4362962963
34.4767407407
34.4791851852
34.4907407407
34.5453333333
34.5402962963
34.5499259259
34.5231111111
34.5528148148
34.5306666667
34.5891851852
34.5702222222
34.5302962963
34.4853333333
34.4728888889
34.4052592593
34.3745185185
34.3486666667
