7.56015873585
7.08312383877
6.65104183465
6.29258439266
5.95954845074
5.67114407536
5.41518407297
5.18806880791
4.98416859187
4.79508368104
4.63103812689
4.47372107043
4.33181457285
4.20683649182
4.09334711295
3.98678470449
3.89049127997
3.80303999205
3.72622298701
3.65176926698
3.58411864432
3.52114729716
3.4651775436
3.41162870927
3.36436956748
3.3181647842
3.27558492111
3.23833391234
3.2031669895
3.16986331737
3.1358425366
3.10508344696
3.07683915498
3.05212938957
3.02827687087
3.00831955317
2.9874505092
2.96812872663
2.95068736138
2.93236939098
2.91695471748
2.89895272192
2.88481616751
2.87040611854
2.85763906611
2.84400761097
2.8313021609
2.81889209879
2.80491046172
2.79144679881
2.7803416162
2.76766900694
2.75640556015
2.74734602474
2.73754987701
2.72804106749
2.71968839589
2.71052805606
2.70121868924
2.69265468962
2.68519023487
2.67614379464
2.66858723942
2.66079935117
2.65316930014
2.64537730917
2.63838605711
2.6332964038
2.62721582596
2.62071062742
2.61486964094
2.60917443084
2.60328501301
2.59789758691
2.59270954991
2.58721964761
2.58156903687
2.57783042061
2.57287599494
2.56889556445
2.56372717186
2.5586630361
2.55338838544
2.54778457793
2.54201557005
2.5381898514
2.53314808898
2.52906580256
2.52597566157
2.5217381341
2.51639166746
2.51177721785
2.50726646043
2.5031287918
2.49975545781
2.49570699554
2.49247490992
2.48777581538
2.48398596702
2.48085007609
