27.2711111111
27.3155555556
27.3488888889
27.36
27.3755555556
27.4155555556
27.4311111111
27.4688888889
27.4911111111
27.5088888889
27.5422222222
27.5555555556
27.5755555556
27.5888888889
27.6022222222
27.6177777778
27.6444444444
27.6511111111
27.6755555556
27.7022222222
27.7177777778
27.7377777778
27.7666666667
27.7711111111
27.7844444444
27.8
27.8044444444
27.8222222222
27.8466666667
27.8577777778
27.8666666667
27.8866666667
27.8955555556
27.92
27.9266666667
27.9422222222
27.9555555556
27.9688888889
27.9822222222
27.9888888889
28.0088888889
28.02
28.0244444444
28.04
28.0533333333
28.0577777778
28.0622222222
28.0577777778
28.0711111111
28.0666666667
28.0777777778
28.0844444444
28.0955555556
28.1
28.1088888889
28.1155555556
28.1311111111
28.1222222222
28.1266666667
28.1133333333
28.1222222222
28.14
28.1511111111
28.1533333333
28.1444444444
28.1488888889
28.1466666667
28.1755555556
28.1711111111
28.1822222222
28.1911111111
28.1977777778
28.2133333333
28.22
28.2244444444
28.2377777778
28.2555555556
28.2644444444
28.2755555556
28.2644444444
28.2466666667
28.2533333333
28.2622222222
28.26
28.2533333333
28.2666666667
28.2822222222
28.2577777778
28.2555555556
28.2755555556
28.2866666667
28.2844444444
28.2888888889
28.2933333333
28.2911111111
28.2977777778
28.2955555556
28.3066666667
28.3111111111
28.3133333333
