26.9577777778
26.7977777778
26.6577777778
26.5422222222
26.4222222222
26.2933333333
26.14
26.0266666667
25.8888888889
25.7755555556
25.6555555556
25.5466666667
25.4466666667
25.3222222222
25.22
25.0733333333
24.9466666667
24.8377777778
24.7555555556
24.6577777778
24.56
24.4488888889
24.3511111111
24.2577777778
24.16
24.0844444444
23.9777777778
23.8711111111
23.7466666667
23.6422222222
23.5644444444
23.4733333333
23.3866666667
23.2866666667
23.2044444444
23.1044444444
23.0288888889
22.9466666667
22.8555555556
22.7844444444
22.6955555556
22.6066666667
22.5244444444
22.4355555556
22.3555555556
22.3088888889
22.2355555556
22.1777777778
22.1311111111
22.0377777778
21.9577777778
21.9044444444
21.8466666667
21.76
21.6711111111
21.6377777778
21.5688888889
21.5266666667
21.4711111111
21.4044444444
21.3555555556
21.3044444444
21.24
21.1933333333
21.14
21.0777777778
21.04
20.9577777778
20.9133333333
20.8555555556
20.8088888889
20.7422222222
20.6977777778
20.6577777778
20.6
20.56
20.5044444444
20.4688888889
20.4177777778
20.3688888889
20.3288888889
20.2911111111
20.2444444444
20.1844444444
20.1666666667
20.1444444444
20.0888888889
20.0288888889
19.9733333333
19.9422222222
19.9066666667
19.8844444444
19.8555555556
19.8
19.7577777778
19.7333333333
19.6977777778
19.6466666667
19.6044444444
19.5622222222
