12.7984581379
12.0720682708
11.36210557
10.7617551813
10.1631501326
9.6447686051
9.18871078685
8.82377802416
8.48750690433
8.19777113739
7.92463661685
7.64332306802
7.38307173123
7.16834068432
6.9808518769
6.76208337422
6.56301083698
6.38321299468
6.22199101461
6.09349706604
5.97319868321
5.85591708161
5.75763652215
5.66717562554
5.58541984945
5.50900177205
5.43169451696
5.36068508122
5.29644296317
5.23819298939
5.19237928605
5.13355663269
5.08903192034
5.03340992024
4.98349413628
4.95454021714
4.91534656682
4.89216096607
4.86289497477
4.83813377719
4.81815575174
4.79159123651
4.77551578839
4.75846823249
4.73825905416
4.70592839359
4.68461199289
4.66581331017
4.636381599
4.60305703197
4.58200258199
4.56405872616
4.54195657829
4.5332963692
4.51685663288
4.49136133384
4.46983135899
4.4521203615
4.44257675273
4.4285499091
4.41802713115
4.40198394262
4.38920013058
4.38027137092
4.36591821269
4.34684683379
4.3300874526
4.31831980926
4.30822668485
4.29377489765
4.28132288156
4.27323406398
4.26453237724
4.2494806632
4.24108471932
4.2332444422
4.2220947659
4.21927868608
4.21288237043
4.20708787269
4.19923684198
4.1917538731
4.18335081426
4.17461033133
4.16570565391
4.15908869222
4.15138005731
4.14515477772
4.13903866667
4.13186057568
4.12182160179
4.10907382647
4.09835889171
4.09200406369
4.08440999561
4.07519741178
4.06993743922
4.06321094237
4.04989179826
4.04428270687
