13.2313657645
13.0726798033
12.9370024808
12.8067032843
12.6890621857
12.5458019309
12.4116041309
12.2863179621
12.1515524487
12.0234357158
11.910051694
11.7734845733
11.6474645432
11.5326615128
11.402403532
11.2888333166
11.1854836882
11.0709458853
10.9373819423
10.8177783571
10.7040675506
10.5955474053
10.4813094406
10.3650882488
10.2527338075
10.1495567878
10.0303900706
9.93112433142
9.80051461702
9.69802006515
9.59030219998
9.48556020072
9.38591770712
9.27170167504
9.18784198151
9.10005652075
9.00432196909
8.90677674607
8.81157844197
8.71683626802
8.6223676182
8.52619248654
8.43555821506
8.33235500682
8.2438165529
8.16250618109
8.06025838902
7.97400976895
7.89002495152
7.81322152382
7.72772314507
7.65073015789
7.57719331909
7.50519114046
7.41878906723
7.32966053493
7.25981697832
7.15873816176
7.08657009696
7.00405522988
6.95983213354
6.87073298394
6.80557129979
6.72197828155
6.64648566174
6.5897525518
6.51151245133
6.4381252832
6.37041125594
6.30670191438
6.23743880439
6.17459269452
6.11012028536
6.049683428
5.97500114598
5.89266765537
5.82859483436
5.78990720009
5.72454868429
5.66360021827
5.60358119918
5.55193110122
5.5071244323
5.44956980007
5.40703267004
5.37556819386
5.30466482783
5.26325019801
5.21107621096
5.17998679416
5.13355523221
5.0766366368
5.02565316403
4.95466580492
4.89613325015
4.87134506192
4.81600529083
4.78209364251
4.75760930195
4.724739568
