6.22410481182
5.47387397265
4.78912948915
4.16061730858
3.5779675111
3.09430319835
2.69987213921
2.37761788657
2.11098210285
1.89723095696
1.71535874166
1.56637805446
1.43616640647
1.33582509453
1.24232912943
1.16685460124
1.10209023328
1.03606806766
0.979175164971
0.927389809674
0.882808789424
0.838477685187
0.798845673163
0.764061413494
0.735115985675
0.7048510411
0.679487862975
0.653032059487
0.628833863904
0.604899098772
0.584695890337
0.562917802916
0.544693052778
0.526359664005
0.509070196049
0.493441638501
0.478317869118
0.464761194612
0.450150819698
0.436262641445
0.422459392397
0.408750759552
0.396758227278
0.386661816516
0.376052087725
0.364616181817
0.35363506363
0.344682039561
0.335934849208
0.328301042827
0.318863750309
0.311004787516
0.304032389214
0.297104696321
0.290336549591
0.283413757968
0.275674433898
0.269538391558
0.26359056871
0.257424113097
0.252705608187
0.2470036013
0.241460400782
0.235967944448
0.23151926782
0.226534758085
0.220972167412
0.216589511527
0.211202618102
0.207296065605
0.202005389697
0.19737226933
0.193552081662
0.190927388707
0.18699974121
0.182984779368
0.179577478206
0.175545915297
0.171790372693
0.168195585421
0.164815858934
0.160804821735
0.157099278701
0.153296889645
0.14985565921
0.146853456385
0.143033271474
0.139941123519
0.136616242063
0.132960489412
0.13004166827
0.127407628596
0.124352829587
0.121651165324
0.118107400144
0.115918769569
0.112858986119
0.109913079813
0.107159186619
0.104041519847
