10.5681610878
9.35803067621
8.05191036797
6.99184841058
5.97068694502
5.10190785217
4.4026046244
3.81816356648
3.35818725035
2.93403703401
2.57193727039
2.29530619293
2.04849387229
1.8601250484
1.69854509759
1.56569706491
1.43254182096
1.31212568865
1.22800403843
1.14857973882
1.07380897501
0.994931892897
0.930193608945
0.867223131695
0.820257854924
0.771891350061
0.727741225802
0.688033349368
0.65357253128
0.624297627199
0.598163602846
0.56826177127
0.540166566721
0.514561189426
0.484982287454
0.455655927479
0.435992995313
0.422919310385
0.399781838269
0.381026903775
0.360880501551
0.343261228249
0.328287139025
0.311841534049
0.298703768417
0.28513949833
0.264574365696
0.249635342583
0.236438559674
0.224639635772
0.211005160792
0.197862499094
0.186505567488
0.176519453828
0.16820045367
0.160503149491
0.150090333513
0.144824492968
0.139772704871
0.131805927698
0.126898660106
0.118272456606
0.110863282273
0.101026209221
0.0899644183846
0.0859036458617
0.0795682917862
0.0728278788792
0.0696957721563
0.0633837402694
0.058469456087
0.0538238737963
0.0475001020998
0.0443036847997
0.0391104199615
0.0326627211449
0.0238968266316
0.018913997756
0.0146984035424
0.0054188553964
0.00167715776553
-0.00318814616974
-0.00735782957474
-0.0111408328927
-0.0159850887889
-0.020145363325
-0.0248042826748
-0.0269224207151
-0.0317216871499
-0.0372696822358
-0.042497210502
-0.0464501571083
-0.050147598884
-0.0529615217425
-0.0561506307224
-0.0582295940239
-0.0627210847617
-0.0649034469909
-0.0697377213139
-0.0732168905139
