22.5880433731
19.8960867807
18.3571400841
17.3204091885
16.6462615224
16.1187005361
15.7197335166
15.4138551325
15.1535829826
14.9478336371
14.7742361143
14.6080790086
14.4774613438
14.352961367
14.2540254501
14.1611669704
14.0715130144
13.9970281811
13.9214461633
13.8585890051
13.8161649719
13.7711402545
13.7560189553
13.7499263111
13.7498001685
13.7505596133
13.76057299
13.7772058888
13.7943258674
13.8019942078
13.8401929616
13.8464727409
13.9447586359
13.9660372343
13.9853721538
13.9906943146
14.0230321456
14.03932693
14.041922514
14.1118261814
14.1165874469
14.0919486573
14.1380807183
14.1434369348
14.1480806244
14.1366606457
14.1047526031
14.0668200015
14.0011919445
14.0092266743
13.9323019295
13.9215388831
13.9041971642
13.9210892538
13.8685897706
13.8865850593
13.8803357732
13.8582629079
13.7999524852
13.793724755
13.759779889
13.8092999357
13.7919697334
13.7795088638
13.7940026197
13.758321194
13.7386813694
13.7324866934
13.7170386972
13.7674073243
13.8109975437
13.7704483488
13.7658079423
13.8012822438
13.8518775141
13.8693477334
13.8424360394
13.8139131213
13.8225841867
13.8108979198
13.8024738754
13.8173892151
13.8580837209
13.8306832654
13.8537545885
13.7985583759
13.7774013716
13.7863167837
13.7944802742
13.7686899789
13.7718423083
13.7193602249
13.6824746404
13.661556314
13.6637656092
13.6846121087
13.6903575239
13.6551707365
13.6823137034
13.7044338479
