9.94757407392
7.5105416648
5.79385826436
4.50592555565
3.55619854129
2.88681429542
2.21574586367
1.66174223532
1.28621640187
0.919194188452
0.662555494028
0.486070612041
0.311573904645
0.160019172826
0.0318739881836
-0.0419260415959
-0.0917007521551
-0.167978600959
-0.228488337751
-0.226005951347
-0.303028435669
-0.299853806432
-0.349039388962
-0.376581103836
-0.398517117683
-0.412151717523
-0.438932832745
-0.443222249098
-0.467359514882
-0.481480814313
-0.477089229292
-0.520334941394
-0.517213586506
-0.509089162557
-0.515022451806
-0.53519872883
-0.522361794343
-0.538173805407
-0.526732708148
-0.538131763203
-0.562988900305
-0.540268002959
-0.546847673362
-0.551002732035
-0.551072283495
-0.569294231385
-0.580222054612
-0.585195454378
-0.568284922279
-0.570856785985
-0.568971140704
-0.57064487079
-0.566968199512
-0.553144316586
-0.563620670666
-0.562015218793
-0.575745313961
-0.573822924653
-0.58741372727
-0.587624162774
-0.577065903075
-0.576597605945
-0.569886347501
-0.582271209805
-0.581728555353
-0.57296037955
-0.569532201441
-0.577628038364
-0.579978890597
-0.567326023102
-0.565902818739
-0.57197414383
-0.552533000197
-0.57785512699
-0.575159100095
-0.572005150811
-0.577606947755
-0.593802741741
-0.588774980582
-0.58756981712
-0.583869937944
-0.57910266973
-0.568142796706
-0.580414583479
-0.596015226749
-0.595049843676
-0.592300618344
-0.581530104513
-0.595304419341
-0.592313122596
-0.594178411231
-0.587611072723
-0.589790843942
-0.59308756312
-0.592259394852
-0.594136867691
-0.575755663291
-0.608530995828
-0.592793835551
-0.596334006703
