27.6253333333
27.8920740741
28.098
28.2643703704
28.3511851852
28.4657777778
28.5142962963
28.5673333333
28.621037037
28.6434074074
28.6881481481
28.6971851852
28.7412592593
28.7484444444
28.7772592593
28.8305925926
28.855037037
28.8972592593
28.9039259259
28.9262222222
28.9551111111
28.9506666667
28.924
28.9462222222
28.9573333333
28.964
28.9684444444
28.9351111111
28.9351111111
28.9351111111
28.9462222222
28.9217777778
28.9284444444
28.9106666667
28.9506666667
28.9462222222
28.9773333333
28.9351111111
28.944
28.9617777778
28.9262222222
28.9262222222
28.9173333333
28.9195555556
28.9262222222
28.9128888889
28.9328888889
28.9417777778
28.9417777778
28.9506666667
28.9484444444
28.9573333333
28.9573333333
28.9506666667
28.9617777778
28.9706666667
28.944
28.9728888889
28.9462222222
28.9373333333
28.9573333333
28.9573333333
28.9373333333
28.9128888889
28.9084444444
28.8884444444
28.8928888889
28.8551111111
28.8506666667
28.8417777778
28.8484444444
28.8306666667
28.8195555556
28.7995555556
28.8084444444
28.8062222222
28.8128888889
28.8106666667
28.7973333333
28.7995555556
28.7795555556
28.7862222222
28.7728888889
28.784
28.764
28.7573333333
28.7528888889
28.7528888889
28.7373333333
28.7284444444
28.7217777778
28.7106666667
28.7017777778
28.704
28.7106666667
28.7173333333
28.7084444444
28.704
28.7284444444
28.7351111111
