29.0071851852
29.3584444444
29.4676296296
29.54
29.6172592593
29.5963703704
29.626962963
29.5558518519
29.5765185185
29.6083703704
29.6384444444
29.6857037037
29.7648148148
29.782962963
29.718
29.7559259259
29.8147407407
29.7417777778
29.7843703704
29.8071851852
29.7702222222
29.7231111111
29.7378518519
29.6871851852
29.66
29.6517037037
29.6180740741
29.6240740741
29.6144444444
29.6223703704
29.5482222222
29.5082962963
29.4591851852
29.4431111111
29.4208888889
29.4348888889
29.4057777778
29.3357037037
29.3502962963
29.3772592593
29.3208148148
29.344
29.3283703704
29.3337037037
29.3976296296
29.3491111111
29.3475555556
29.377037037
29.2808148148
29.2511851852
29.2822962963
29.265037037
29.256962963
29.2614814815
29.2581481481
29.2635555556
29.2593333333
29.2722962963
29.2925185185
29.2765925926
29.2574814815
29.2708888889
29.2768888889
29.257037037
29.2681481481
29.2524444444
29.1851851852
29.2218518519
29.244962963
29.2361481481
29.2471851852
29.1837777778
29.2054074074
29.1611851852
29.138
29.1882962963
29.1278518519
29.144
29.1784444444
29.1628888889
29.1957037037
29.2003703704
29.1893333333
29.2257037037
29.1954074074
29.2296296296
29.1837037037
29.1528888889
29.1812592593
29.1185925926
29.1628148148
29.1072592593
29.1403703704
29.1178518519
29.1184444444
29.0841481481
29.152962963
29.0677777778
29.051037037
29.0845925926
