21.000000000000004,20.83809523809524,20.619047619047613,21.369841269841274,21.430158730158734,20.863492063492064,20.260317460317463,20.023809523809522,20.139682539682536,21.23809523809524,21.111111111111118,20.225396825396828,19.98730158730159,20.74920634920635,20.67619047619047,20.833333333333332,21.15555555555555,20.92539682539683,20.898412698412695,20.81746031746032,20.114285714285714,20.377777777777784,21.358730158730165,20.749206349206343,21.269841269841276,20.75873015873016,21.206349206349206,21.004761904761903,21.011111111111113,20.71111111111111
19.982539682539684,19.76031746031746,19.736507936507937,20.482539682539684,20.63968253968254,19.89206349206349,19.574603174603176,19.722222222222218,19.731746031746027,20.553968253968257,20.261904761904763,19.44761904761905,19.57460317460318,20.001587301587296,19.780952380952375,20.415873015873014,20.26984126984127,19.29365079365079,20.38888888888889,19.836507936507935,19.719047619047615,19.325396825396826,20.53015873015874,20.142857142857146,20.717460317460322,20.231746031746038,20.282539682539685,20.017460317460316,20.241269841269844,20.01111111111111
19.501587301587303,19.27142857142857,19.077777777777783,19.47936507936508,20.07936507936508,19.27142857142857,18.820634920634923,19.34126984126984,19.342857142857138,19.5936507936508,19.479365079365085,18.798412698412697,19.05873015873016,19.573015873015873,19.117460317460313,19.78095238095238,19.7,18.55079365079365,19.730158730158728,19.693650793650793,19.550793650793654,18.26507936507937,19.96825396825398,19.231746031746027,19.765079365079366,19.633333333333333,19.7952380952381,18.960317460317455,19.653968253968262,19.507936507936506
18.828571428571433,18.52539682539683,18.669841269841267,19.071428571428566,19.67777777777778,18.385714285714286,18.125396825396827,18.679365079365077,19.015873015873012,18.833333333333336,18.66190476190477,18.382539682539687,18.649206349206345,18.54126984126984,18.59365079365079,19.47460317460318,18.844444444444445,18.222222222222225,19.342857142857138,18.92063492063492,19.193650793650797,17.58571428571429,19.301587301587304,18.780952380952375,19.150793650793652,18.895238095238096,19.252380952380953,18.311111111111117,18.60158730158731,18.97936507936508
18.365079365079364,18.366666666666667,17.955555555555552,18.684126984126976,19.34603174603175,17.37936507936508,17.34126984126984,17.65079365079365,18.657142857142855,18.266666666666666,18.569841269841273,17.676190476190474,17.842857142857145,18.068253968253966,17.63492063492064,18.75714285714286,18.46507936507937,17.792063492063487,18.6047619047619,18.431746031746034,18.909523809523815,17.485714285714284,18.84603174603175,18.546031746031744,18.66190476190476,18.098412698412698,18.411111111111108,17.958730158730166,18.306349206349214,18.61428571428571
17.739682539682537,18.09047619047619,17.511111111111113,17.757142857142853,18.72063492063493,16.604761904761908,16.961904761904762,17.390476190476186,17.793650793650794,17.528571428571425,18.13809523809524,17.250793650793653,17.03968253968254,17.720634920634925,17.115873015873017,18.331746031746032,18.053968253968257,17.050793650793647,18.538095238095238,17.4015873015873,18.41269841269842,17.123809523809527,18.312698412698413,18.04920634920634,18.23968253968254,17.5015873015873,17.901587301587302,17.476190476190478,17.998412698412704,18.185714285714287
17.01111111111111,17.696825396825393,17.26825396825397,17.120634920634924,18.25714285714286,16.192063492063493,16.631746031746037,16.788888888888884,17.60000000000001,17.347619047619045,18.069841269841273,16.83174603174603,16.738095238095234,17.382539682539687,16.4047619047619,17.966666666666665,17.914285714285718,16.88888888888889,18.109523809523804,17.063492063492056,17.447619047619046,16.961904761904766,17.98095238095238,17.544444444444434,17.839682539682542,17.177777777777774,17.361904761904764,17.396825396825403,17.7,17.866666666666667
16.57142857142857,17.558730158730153,17.034920634920635,16.90634920634921,17.541269841269845,15.987301587301584,16.26190476190476,16.69523809523809,17.244444444444447,17.017460317460316,17.952380952380953,15.92380952380952,16.688888888888886,17.263492063492063,16.05555555555555,17.38412698412698,17.563492063492067,16.45396825396825,17.75238095238095,17.044444444444437,17.309523809523807,16.752380952380953,17.42380952380952,17.292063492063484,17.615873015873017,17.082539682539682,16.939682539682543,16.679365079365077,17.44126984126984,17.55873015873016
16.142857142857142,17.11269841269841,16.825396825396822,16.28730158730159,17.330158730158733,15.828571428571427,15.723809523809525,16.387301587301582,16.892063492063492,16.86031746031746,17.855555555555554,15.579365079365077,16.49206349206349,17.120634920634917,15.71587301587301,17.134920634920636,17.195238095238093,16.17460317460317,17.523809523809522,16.81428571428571,17.309523809523807,16.48730158730159,16.969841269841265,16.757142857142853,17.24920634920635,16.97460317460317,16.3968253968254,16.29206349206349,17.322222222222226,17.217460317460315
15.944444444444438,16.95079365079365,16.517460317460316,15.980952380952385,16.982539682539677,15.415873015873016,15.420634920634921,15.849206349206346,16.71428571428572,16.834920634920636,17.692063492063493,15.328571428571426,16.192063492063486,16.94126984126984,15.684126984126978,16.947619047619042,16.646031746031746,15.887301587301584,17.315873015873013,16.547619047619047,17.168253968253964,16.401587301587305,16.79206349206349,16.26190476190476,17.109523809523807,16.67142857142857,16.15396825396825,16.195238095238096,16.95873015873016,17.006349206349206
15.693650793650788,16.809523809523807,16.306349206349203,15.88730158730159,16.334920634920632,15.02063492063492,15.344444444444441,15.757142857142851,16.66349206349207,16.63174603174603,17.2952380952381,14.961904761904758,16.14761904761904,16.73174603174603,15.446031746031741,16.390476190476182,16.188888888888886,15.668253968253966,17.049206349206347,16.1,16.930158730158727,16.055555555555557,16.607936507936508,15.857142857142856,16.606349206349204,16.466666666666665,16.125396825396827,15.904761904761905,16.765079365079366,16.884126984126983
15.65396825396825,16.58412698412698,16.117460317460317,15.584126984126984,16.060317460317457,14.885714285714284,15.339682539682538,15.430158730158727,16.349206349206348,16.425396825396824,17.02539682539683,14.860317460317455,16.11587301587301,16.553968253968254,15.009523809523806,16.25396825396825,15.822222222222223,15.130158730158728,16.992063492063494,15.985714285714288,16.811111111111103,15.90952380952381,16.18095238095238,15.625396825396823,16.53968253968254,16.166666666666668,16.055555555555557,15.553968253968256,16.246031746031747,16.500000000000004
15.512698412698409,16.331746031746025,15.952380952380956,15.466666666666663,15.647619047619047,14.55079365079365,15.338095238095233,15.076190476190474,16.033333333333335,16.42222222222222,16.79365079365079,14.804761904761902,15.949206349206346,16.506349206349203,14.934920634920633,16.209523809523805,15.674603174603174,15.130158730158728,16.83333333333333,15.723809523809528,16.71746031746031,15.746031746031749,16.065079365079367,15.414285714285715,16.287301587301588,15.415873015873016,15.866666666666667,15.241269841269837,15.865079365079366,16.455555555555556
15.487301587301582,16.257142857142853,15.807936507936509,15.444444444444441,15.473015873015871,14.266666666666667,15.315873015873008,14.912698412698406,15.773015873015876,16.419047619047618,16.417460317460318,14.568253968253966,15.906349206349205,16.477777777777774,14.892063492063489,16.02857142857143,15.322222222222226,15.036507936507933,16.830158730158725,15.655555555555557,16.625396825396816,15.56031746031746,15.885714285714284,15.246031746031747,16.084126984126986,15.10793650793651,15.726984126984124,15.015873015873012,15.74920634920635,16.379365079365083
15.487301587301582,16.101587301587294,15.755555555555556,15.371428571428572,15.468253968253968,14.06190476190476,15.315873015873008,14.819047619047614,15.319047619047616,16.257142857142853,16.15396825396825,14.457142857142856,15.725396825396823,16.453968253968252,14.820634920634918,15.858730158730156,15.201587301587303,14.968253968253965,16.830158730158725,15.544444444444444,16.57619047619047,15.347619047619046,15.819047619047618,15.126984126984128,15.874603174603179,14.6,15.519047619047619,15.015873015873012,15.612698412698414,16.0984126984127
15.17619047619047,15.877777777777771,15.61111111111111,15.279365079365078,15.306349206349203,13.468253968253968,15.315873015873008,14.560317460317455,15.082539682539679,16.169841269841267,15.385714285714284,14.39365079365079,15.677777777777775,16.43015873015873,14.687301587301585,15.553968253968252,15.042857142857146,14.782539682539683,16.69682539682539,15.317460317460315,16.526984126984118,15.187301587301585,15.638095238095238,14.895238095238101,15.431746031746034,14.595238095238093,15.428571428571425,14.923809523809522,15.404761904761907,15.636507936507936
15.077777777777772,15.852380952380948,15.411111111111115,15.209523809523809,15.047619047619046,13.23809523809524,15.177777777777772,14.517460317460314,14.961904761904758,15.874603174603171,15.222222222222218,14.36349206349206,15.557142857142855,16.42539682539682,14.687301587301585,15.317460317460315,15.042857142857146,14.77936507936508,16.560317460317453,15.157142857142857,16.526984126984118,15.074603174603174,15.258730158730156,14.742857142857144,15.404761904761909,14.457142857142852,15.33492063492063,14.67142857142857,15.246031746031747,15.252380952380951
14.980952380952377,15.83492063492063,15.206349206349211,15.185714285714283,15.047619047619046,13.098412698412703,15.130158730158728,14.14603174603174,14.8047619047619,15.830158730158725,15.147619047619044,14.241269841269835,15.507936507936506,16.304761904761897,14.619047619047617,15.11111111111111,14.630158730158731,14.614285714285716,16.371428571428567,14.861904761904764,16.5063492063492,14.95238095238095,15.077777777777776,14.60793650793651,15.033333333333335,14.36507936507936,15.31428571428571,14.474603174603173,14.946031746031748,15.228571428571426
14.974603174603171,15.806349206349202,14.965079365079367,15.120634920634922,14.90952380952381,13.023809523809526,15.087301587301587,14.061904761904755,14.733333333333329,15.830158730158725,14.803174603174602,14.241269841269835,15.439682539682538,15.99682539682539,14.619047619047617,14.903174603174604,14.390476190476193,14.592063492063494,16.276190476190468,14.742857142857146,16.5063492063492,14.787301587301585,14.958730158730157,14.555555555555559,14.800000000000002,14.18253968253968,15.293650793650789,14.384126984126983,14.900000000000002,15.147619047619049
14.858730158730156,15.779365079365073,14.711111111111112,15.017460317460317,14.722222222222218,12.953968253968258,15.087301587301587,14.015873015873012,14.57460317460317,15.76666666666666,14.515873015873016,14.241269841269835,15.374603174603177,15.933333333333326,14.549206349206347,14.763492063492066,14.304761904761905,14.571428571428575,16.04603174603174,14.604761904761906,16.5063492063492,14.68888888888889,14.847619047619045,14.512698412698414,14.352380952380956,14.025396825396825,15.207936507936507,14.274603174603175,14.653968253968259,14.869841269841269
14.604761904761903,15.682539682539675,14.441269841269843,14.898412698412699,14.517460317460314,12.774603174603174,15.087301587301587,13.641269841269835,14.501587301587296,15.76666666666666,14.144444444444446,14.241269841269835,15.374603174603177,15.901587301587293,14.547619047619046,14.731746031746034,14.234920634920632,14.53015873015873,15.885714285714288,14.603174603174605,16.393650793650785,14.57301587301587,14.714285714285715,14.509523809523808,14.26507936507937,13.842857142857143,15.161904761904758,14.226984126984126,14.361904761904764,14.752380952380951
14.46349206349206,15.660317460317454,14.411111111111117,14.812698412698413,14.51428571428571,12.674603174603172,15.066666666666666,13.549206349206345,14.453968253968249,15.676190476190472,13.690476190476184,14.087301587301587,15.279365079365084,15.69206349206349,14.544444444444444,14.611111111111112,14.0968253968254,14.484126984126984,15.604761904761906,14.603174603174605,16.325396825396822,14.48095238095238,14.434920634920637,14.509523809523808,14.200000000000005,13.758730158730158,15.14444444444444,14.18888888888889,14.288888888888891,14.452380952380956
14.257142857142854,15.63333333333333,14.207936507936513,14.812698412698413,14.465079365079362,12.647619047619044,15.044444444444443,13.5047619047619,14.206349206349197,15.561904761904762,13.48095238095238,14.087301587301587,15.279365079365084,15.51111111111111,14.498412698412697,14.44920634920635,14.093650793650797,14.463492063492064,15.520634920634922,14.465079365079367,16.206349206349202,14.463492063492062,14.180952380952384,14.441269841269843,14.088888888888894,13.692063492063491,15.077777777777774,14.13809523809524,14.16507936507937,14.366666666666669
14.257142857142854,15.63333333333333,14.028571428571432,14.684126984126983,14.46349206349206,12.644444444444442,15.044444444444443,13.411111111111108,14.18730158730158,15.517460317460316,13.295238095238094,14.087301587301587,15.188888888888894,15.48412698412698,14.36190476190476,14.374603174603177,13.860317460317459,14.207936507936505,15.380952380952383,14.465079365079367,16.047619047619047,14.419047619047621,14.025396825396829,14.336507936507932,14.006349206349206,13.368253968253969,15.077777777777774,14.117460317460319,14.057142857142859,14.160317460317463
14.188888888888886,15.628571428571423,13.965079365079365,14.579365079365079,14.38571428571428,12.434920634920635,15.044444444444443,13.38253968253968,14.18730158730158,15.495238095238095,13.292063492063493,14.085714285714285,15.117460317460319,15.460317460317459,14.22380952380952,14.350793650793655,13.855555555555556,14.207936507936505,15.2968253968254,14.442857142857143,16.0031746031746,14.374603174603175,13.906349206349207,14.282539682539683,14.006349206349206,13.206349206349206,14.984126984126982,14.076190476190476,13.941269841269847,14.042857142857146
14.14285714285714,15.601587301587298,13.944444444444446,14.579365079365079,14.384126984126981,12.3,15.044444444444443,13.198412698412694,13.914285714285713,15.471428571428568,13.223809523809525,14.085714285714285,15.073015873015873,15.455555555555554,14.18095238095238,14.055555555555552,13.68730158730159,14.187301587301583,15.08888888888889,14.374603174603171,15.806349206349203,14.325396825396826,13.855555555555556,14.234920634920634,14.006349206349206,13.206349206349206,14.96190476190476,14.052380952380954,13.917460317460321,13.790476190476191
13.955555555555552,15.48730158730158,13.823809523809523,14.579365079365079,14.360317460317454,12.3,14.957142857142856,13.176190476190474,13.914285714285713,15.406349206349203,13.019047619047619,14.017460317460317,15.069841269841271,15.455555555555554,14.109523809523806,13.968253968253967,13.546031746031751,14.04126984126984,14.996825396825399,14.241269841269837,15.6015873015873,14.207936507936513,13.855555555555556,14.234920634920634,13.976190476190476,13.071428571428573,14.93174603174603,14.034920634920633,13.876190476190478,13.673015873015874
13.892063492063489,15.48730158730158,13.619047619047619,14.577777777777778,14.360317460317454,12.293650793650794,14.957142857142856,13.08412698412698,13.849206349206346,15.406349206349203,13.019047619047619,14.017460317460317,15.069841269841271,15.365079365079362,14.065079365079363,13.807936507936509,13.411111111111113,13.949206349206346,14.887301587301588,14.238095238095235,15.530158730158728,14.166666666666668,13.758730158730158,14.126984126984128,13.928571428571427,12.979365079365078,14.85873015873016,14.01269841269841,13.684126984126983,13.21111111111111
13.820634920634918,15.392063492063489,13.488888888888887,14.547619047619046,14.331746031746029,12.163492063492065,14.957142857142856,12.993650793650792,13.830158730158727,15.31111111111111,12.952380952380953,14.017460317460317,14.90952380952381,15.322222222222218,14.065079365079363,13.753968253968255,13.149206349206345,13.949206349206346,14.842857142857145,14.238095238095235,15.507936507936508,14.114285714285717,13.758730158730158,14.034920634920635,13.88095238095238,12.979365079365078,14.85873015873016,13.922222222222222,13.588888888888887,13.163492063492063
13.771428571428569,15.360317460317455,13.366666666666667,14.384126984126985,14.331746031746029,12.065079365079365,14.957142857142856,12.876190476190475,13.78412698412698,15.31111111111111,12.83174603174603,13.950793650793651,14.887301587301588,15.322222222222218,14.036507936507935,13.752380952380953,13.007936507936506,13.949206349206346,14.62857142857143,14.238095238095235,15.38888888888889,14.114285714285717,13.706349206349206,14.012698412698414,13.741269841269839,12.979365079365078,14.807936507936509,13.831746031746034,13.495238095238097,12.906349206349203
13.749206349206348,15.360317460317455,13.334920634920634,14.22857142857143,14.28412698412698,12.020634920634924,14.957142857142856,12.849206349206346,13.68571428571428,15.236507936507934,12.579365079365077,13.923809523809524,14.885714285714288,15.322222222222218,14.015873015873014,13.726984126984126,12.876190476190478,13.898412698412695,14.514285714285714,14.238095238095235,15.38888888888889,14.065079365079363,13.652380952380948,13.969841269841274,13.677777777777779,12.93174603174603,14.807936507936509,13.746031746031747,13.331746031746029,12.865079365079364
13.630158730158728,15.338095238095232,13.019047619047623,14.176190476190477,14.26190476190476,12.020634920634924,14.957142857142856,12.849206349206346,13.553968253968247,15.117460317460317,12.399999999999997,13.923809523809524,14.704761904761906,15.317460317460313,13.969841269841272,13.706349206349206,12.74920634920635,13.85396825396825,14.44920634920635,14.238095238095235,15.360317460317459,13.974603174603175,13.601587301587298,13.88571428571429,13.633333333333333,12.834920634920637,14.807936507936509,13.607936507936508,13.307936507936507,12.844444444444443
13.4047619047619,15.312698412698408,12.923809523809528,14.174603174603176,14.26190476190476,11.976190476190478,14.957142857142856,12.782539682539683,13.479365079365074,15.117460317460317,12.169841269841266,13.776190476190475,14.657142857142857,15.239682539682537,13.969841269841272,13.384126984126983,12.657142857142855,13.826984126984124,14.331746031746032,14.238095238095235,15.33174603174603,13.925396825396826,13.601587301587298,13.884126984126988,13.54126984126984,12.834920634920637,14.736507936507937,13.607936507936508,13.29206349206349,12.742857142857142
13.403174603174598,15.246031746031742,12.901587301587304,14.153968253968257,14.195238095238093,11.807936507936507,14.93333333333333,12.782539682539683,13.412698412698408,14.996825396825397,11.944444444444438,13.722222222222223,14.633333333333335,15.120634920634918,13.968253968253967,13.301587301587299,12.588888888888885,13.826984126984124,14.030158730158735,14.238095238095235,15.241269841269837,13.923809523809524,13.601587301587298,13.812698412698413,13.52063492063492,12.834920634920637,14.707936507936513,13.558730158730159,13.29206349206349,12.674603174603174
13.403174603174598,15.242857142857138,12.901587301587302,14.133333333333333,14.195238095238093,11.760317460317458,14.93333333333333,12.73492063492063,13.387301587301582,14.94920634920635,11.944444444444438,13.722222222222223,14.444444444444441,15.11428571428571,13.893650793650796,13.277777777777777,12.471428571428568,13.826984126984124,13.97936507936508,14.238095238095235,15.079365079365074,13.87301587301587,13.51111111111111,13.793650793650794,13.428571428571429,12.834920634920637,14.619047619047622,13.51269841269841,13.29206349206349,12.652380952380954
13.358730158730152,15.125396825396821,12.763492063492064,14.082539682539682,14.195238095238093,11.755555555555555,14.907936507936505,12.73492063492063,13.36507936507936,14.925396825396824,11.873015873015868,13.701587301587299,14.371428571428567,15.11428571428571,13.866666666666667,13.119047619047617,12.42222222222222,13.76190476190476,13.926984126984129,14.236507936507934,15.079365079365074,13.847619047619046,13.298412698412696,13.793650793650794,13.407936507936506,12.76666666666667,14.549206349206353,13.492063492063492,13.29206349206349,12.604761904761906
13.358730158730152,15.090476190476187,12.715873015873017,14.038095238095236,14.195238095238093,11.73174603174603,14.907936507936505,12.685714285714285,13.298412698412694,14.898412698412699,11.809523809523807,13.679365079365079,14.371428571428567,15.11428571428571,13.866666666666667,13.119047619047617,12.249206349206348,13.76190476190476,13.844444444444445,14.236507936507934,15.076190476190472,13.847619047619046,13.273015873015872,13.790476190476193,13.407936507936506,12.76666666666667,14.500000000000004,13.469841269841272,13.246031746031743,12.579365079365079
13.311111111111105,15.001587301587296,12.617460317460315,14.038095238095236,14.195238095238093,11.709523809523807,14.907936507936505,12.685714285714285,13.16507936507936,14.895238095238096,11.788888888888884,13.679365079365079,14.371428571428567,15.090476190476188,13.795238095238096,13.095238095238095,12.2031746031746,13.693650793650791,13.801587301587306,14.236507936507934,14.94285714285714,13.777777777777773,13.273015873015872,13.790476190476193,13.333333333333334,12.76666666666667,14.500000000000004,13.355555555555556,13.246031746031743,12.577777777777776
13.239682539682535,15.001587301587296,12.568253968253966,14.036507936507936,14.174603174603172,11.709523809523807,14.81111111111111,12.685714285714285,13.068253968253964,14.892063492063494,11.788888888888884,13.658730158730158,14.371428571428567,14.996825396825393,13.749206349206345,13.052380952380954,12.13015873015873,13.69206349206349,13.500000000000007,14.236507936507934,14.776190476190475,13.57301587301587,12.931746031746034,13.720634920634923,13.333333333333334,12.76666666666667,14.47460317460318,13.268253968253967,13.246031746031743,12.414285714285711
13.239682539682535,15.001587301587296,12.568253968253966,13.915873015873018,14.152380952380948,11.480952380952377,14.81111111111111,12.685714285714285,12.977777777777776,14.892063492063494,11.788888888888884,13.658730158730158,14.26349206349206,14.877777777777775,13.630158730158731,13.028571428571428,12.13015873015873,13.552380952380952,13.500000000000007,14.236507936507934,14.776190476190475,13.553968253968247,12.931746031746034,13.652380952380955,13.333333333333334,12.671428571428573,14.404761904761907,13.268253968253967,13.2,12.34285714285714
13.238095238095234,15.001587301587296,12.568253968253966,13.912698412698415,14.150793650793647,11.480952380952377,14.78888888888889,12.593650793650792,12.977777777777776,14.892063492063494,11.788888888888884,13.658730158730158,14.260317460317458,14.877777777777775,13.584126984126984,12.895238095238094,12.011111111111111,13.509523809523808,13.320634920634923,14.212698412698412,14.663492063492063,13.439682539682533,12.768253968253969,13.552380952380956,13.285714285714285,12.574603174603174,14.290476190476193,13.244444444444445,13.2,12.290476190476186
13.238095238095234,15.001587301587296,12.407936507936506,13.911111111111115,14.038095238095233,11.452380952380953,14.766666666666664,12.593650793650792,12.977777777777776,14.820634920634921,11.744444444444442,13.658730158730158,14.260317460317458,14.877777777777775,13.584126984126984,12.826984126984126,12.011111111111111,13.509523809523808,13.274603174603177,14.006349206349203,14.592063492063492,13.439682539682533,12.768253968253969,13.479365079365076,13.239682539682539,12.534920634920635,14.065079365079365,13.244444444444445,13.13650793650794,12.244444444444442
13.238095238095234,15.001587301587296,12.225396825396823,13.863492063492066,13.97460317460317,11.409523809523808,14.766666666666664,12.593650793650792,12.911111111111104,14.730158730158731,11.741269841269839,13.636507936507934,14.214285714285712,14.82063492063492,13.536507936507936,12.826984126984126,12.011111111111111,13.414285714285715,13.2015873015873,13.955555555555552,14.592063492063492,13.32539682539682,12.744444444444445,13.41269841269841,13.239682539682539,12.444444444444441,14.065079365079365,13.220634920634923,13.13650793650794,12.219047619047615
13.23174603174603,14.979365079365074,12.225396825396823,13.774603174603175,13.971428571428566,11.357142857142852,14.766666666666664,12.59206349206349,12.911111111111104,14.730158730158731,11.741269841269839,13.636507936507934,14.214285714285712,14.755555555555555,13.536507936507936,12.803174603174599,11.82063492063492,13.382539682539683,13.153968253968253,13.909523809523806,14.592063492063492,13.32539682539682,12.622222222222224,13.388888888888888,13.144444444444446,12.3047619047619,14.01428571428571,13.15714285714286,13.131746031746031,12.190476190476184
13.230158730158728,14.946031746031741,12.225396825396823,13.773015873015874,13.947619047619044,11.160317460317458,14.677777777777777,12.59206349206349,12.911111111111104,14.71111111111111,11.738095238095237,13.636507936507934,14.214285714285712,14.663492063492065,13.490476190476192,12.803174603174599,11.75238095238095,13.382539682539683,13.153968253968253,13.909523809523806,14.592063492063492,13.188888888888886,12.552380952380954,13.155555555555555,13.144444444444446,12.250793650793646,13.903174603174602,13.15714285714286,13.131746031746031,12.188888888888885
13.230158730158728,14.89523809523809,12.177777777777775,13.693650793650791,13.947619047619044,11.06984126984127,14.677777777777777,12.59206349206349,12.911111111111104,14.709523809523809,11.738095238095237,13.595238095238091,14.214285714285712,14.595238095238097,13.490476190476192,12.803174603174599,11.731746031746031,13.382539682539683,13.12857142857143,13.909523809523806,14.592063492063492,13.188888888888886,12.552380952380954,13.155555555555555,13.073015873015875,12.13174603174603,13.696825396825393,13.15714285714286,13.131746031746031,12.187301587301583
13.230158730158728,14.89523809523809,12.017460317460317,13.615873015873015,13.946031746031743,11.046031746031748,14.66031746031746,12.501587301587302,12.911111111111104,14.680952380952382,11.682539682539678,13.595238095238091,14.214285714285712,14.461904761904764,13.42063492063492,12.798412698412694,11.668253968253966,13.360317460317457,13.10793650793651,13.909523809523806,14.520634920634922,13.187301587301585,12.41111111111111,13.114285714285716,13.073015873015875,12.128571428571428,13.633333333333331,13.11428571428572,13.131746031746031,12.187301587301583
13.230158730158728,14.853968253968251,12.017460317460317,13.47936507936508,13.831746031746029,10.952380952380953,14.66031746031746,12.479365079365076,12.885714285714279,14.680952380952382,11.680952380952379,13.595238095238091,14.214285714285712,14.36666666666667,13.42063492063492,12.750793650793645,11.666666666666664,13.360317460317457,13.044444444444446,13.86507936507936,14.520634920634922,13.187301587301585,12.41111111111111,13.026984126984129,13.073015873015875,12.11111111111111,13.609523809523806,13.11428571428572,13.085714285714289,12.166666666666663
13.2047619047619,14.849206349206346,12.017460317460317,13.453968253968252,13.785714285714285,10.925396825396824,14.612698412698412,12.461904761904758,12.863492063492057,14.65079365079365,11.680952380952379,13.59365079365079,14.193650793650791,14.295238095238096,13.34920634920635,12.750793650793645,11.666666666666664,13.357142857142852,12.923809523809522,13.820634920634914,14.520634920634922,13.187301587301585,12.36825396825397,12.931746031746032,13.071428571428571,12.061904761904762,13.434920634920633,13.11428571428572,13.085714285714289,12.14285714285714
13.157142857142851,14.849206349206346,12.017460317460317,13.433333333333334,13.765079365079366,10.857142857142856,14.542857142857143,12.461904761904758,12.799999999999992,14.65079365079365,11.628571428571423,13.546031746031746,14.19206349206349,14.252380952380955,13.34920634920635,12.750793650793645,11.666666666666664,13.314285714285708,12.923809523809522,13.820634920634914,14.520634920634922,13.139682539682536,12.342857142857147,12.907936507936506,13.071428571428571,11.968253968253967,13.39047619047619,13.041269841269845,13.039682539682541,12.11428571428571
13.107936507936502,14.849206349206346,12.017460317460317,13.361904761904762,13.763492063492064,10.857142857142856,14.542857142857143,12.461904761904758,12.760317460317452,14.65079365079365,11.628571428571423,13.546031746031746,14.19206349206349,14.10793650793651,13.309523809523812,12.728571428571424,11.646031746031746,13.268253968253964,12.855555555555554,13.66666666666666,14.520634920634922,13.139682539682536,12.2968253968254,12.884126984126985,13.047619047619047,11.968253968253967,13.293650793650793,13.03968253968254,13.039682539682541,12.093650793650792
12.990476190476185,14.849206349206346,11.9,13.31269841269841,13.76190476190476,10.67936507936508,14.542857142857143,12.436507936507935,12.760317460317452,14.626984126984127,11.628571428571423,13.546031746031746,14.190476190476188,14.10793650793651,13.285714285714285,12.728571428571424,11.646031746031746,13.215873015873008,12.855555555555554,13.6015873015873,14.520634920634922,13.138095238095236,12.246031746031747,12.809523809523807,12.97777777777778,11.965079365079363,13.042857142857143,13.03968253968254,13.01587301587302,12.001587301587298
12.990476190476185,14.666666666666664,11.9,13.223809523809523,13.692063492063486,10.655555555555555,14.542857142857143,12.417460317460318,12.75873015873015,14.625396825396825,11.604761904761899,13.499999999999998,14.190476190476188,13.996825396825397,13.285714285714285,12.687301587301585,11.644444444444444,13.209523809523803,12.855555555555554,13.465079365079363,14.520634920634922,13.090476190476187,12.176190476190477,12.809523809523807,12.97777777777778,11.920634920634921,13.042857142857143,13.03968253968254,13.01587301587302,12.001587301587298
12.920634920634912,14.666666666666664,11.895238095238096,13.180952380952379,13.62539682539682,10.65396825396825,14.542857142857143,12.415873015873016,12.75873015873015,14.533333333333331,11.604761904761899,13.499999999999998,14.190476190476188,13.996825396825397,13.285714285714285,12.68412698412698,11.644444444444444,13.182539682539675,12.834920634920634,13.323809523809523,14.520634920634922,13.066666666666665,12.176190476190477,12.717460317460317,12.97777777777778,11.850793650793653,12.952380952380954,12.966666666666669,13.01587301587302,12.001587301587298
12.877777777777768,14.647619047619047,11.893650793650796,13.176190476190474,13.577777777777772,10.538095238095234,14.542857142857143,12.415873015873016,12.75873015873015,14.506349206349203,11.560317460317455,13.477777777777776,14.168253968253968,13.973015873015871,13.217460317460313,12.660317460317458,11.644444444444444,13.182539682539675,12.746031746031747,13.195238095238093,14.520634920634922,12.998412698412693,12.176190476190477,12.717460317460317,12.97777777777778,11.850793650793653,12.839682539682544,12.86984126984127,12.942857142857145,11.999999999999996
12.855555555555547,14.647619047619047,11.893650793650796,13.174603174603172,13.407936507936503,10.538095238095234,14.47777777777778,12.387301587301586,12.71746031746031,14.395238095238094,11.560317460317455,13.477777777777776,14.147619047619049,13.973015873015871,13.217460317460313,12.660317460317458,11.622222222222218,13.122222222222216,12.723809523809523,13.195238095238093,14.520634920634922,12.974603174603171,12.131746031746031,12.622222222222222,12.926984126984125,11.850793650793653,12.788888888888893,12.86984126984127,12.942857142857145,11.979365079365076
12.833333333333321,14.628571428571428,11.866666666666667,13.174603174603172,13.339682539682531,10.534920634920633,14.476190476190478,12.384126984126983,12.69523809523809,14.3031746031746,11.461904761904758,13.477777777777776,14.147619047619049,13.973015873015871,13.103174603174603,12.660317460317458,11.617460317460315,13.092063492063486,12.623809523809522,13.149206349206345,14.520634920634922,12.974603174603171,12.131746031746031,12.622222222222222,12.926984126984125,11.687301587301585,12.695238095238098,12.86984126984127,12.942857142857145,11.93333333333333
12.83174603174602,14.606349206349202,11.8015873015873,13.174603174603172,13.339682539682531,10.444444444444445,14.476190476190478,12.384126984126983,12.69523809523809,14.207936507936507,11.461904761904758,13.477777777777776,14.147619047619049,13.92063492063492,13.103174603174603,12.660317460317458,11.499999999999998,13.092063492063486,12.576190476190474,13.052380952380949,14.520634920634922,12.974603174603171,12.05873015873016,12.6,12.926984126984125,11.68253968253968,12.695238095238098,12.86984126984127,12.942857142857145,11.93333333333333
12.8095238095238,14.604761904761903,11.8015873015873,13.174603174603172,13.339682539682531,10.444444444444445,14.476190476190478,12.384126984126983,12.69523809523809,14.076190476190476,11.396825396825394,13.430158730158727,14.147619047619049,13.853968253968253,13.034920634920635,12.619047619047619,11.499999999999998,13.022222222222213,12.519047619047615,13.031746031746028,14.520634920634922,12.909523809523806,12.034920634920635,12.442857142857141,12.926984126984125,11.638095238095236,12.67460317460318,12.758730158730158,12.942857142857145,11.93333333333333
12.8095238095238,14.604761904761903,11.774603174603174,13.173015873015872,13.193650793650784,10.373015873015872,14.476190476190478,12.342857142857138,12.69523809523809,14.01269841269841,11.396825396825394,13.430158730158727,14.147619047619049,13.828571428571426,13.030158730158726,12.617460317460317,11.496825396825395,12.999999999999993,12.51428571428571,12.917460317460314,14.520634920634922,12.8031746031746,12.034920634920635,12.442857142857141,12.926984126984125,11.638095238095236,12.555555555555555,12.736507936507937,12.942857142857145,11.93333333333333
12.8095238095238,14.604761904761903,11.774603174603174,13.173015873015872,12.931746031746025,10.37142857142857,14.476190476190478,12.299999999999999,12.580952380952374,14.01269841269841,11.396825396825394,13.38253968253968,14.147619047619049,13.76190476190476,13.030158730158726,12.617460317460317,11.4015873015873,12.999999999999993,12.490476190476189,12.871428571428567,14.520634920634922,12.780952380952376,12.034920634920635,12.247619047619049,12.926984126984125,11.638095238095236,12.442857142857143,12.736507936507937,12.919047619047621,11.890476190476189
12.8095238095238,14.604761904761903,11.774603174603174,13.173015873015872,12.765079365079357,10.323809523809523,14.476190476190478,12.299999999999999,12.580952380952374,14.01269841269841,11.396825396825394,13.38253968253968,14.147619047619049,13.76190476190476,13.030158730158726,12.617460317460317,11.395238095238094,12.999999999999993,12.490476190476189,12.871428571428567,14.520634920634922,12.780952380952376,12.009523809523808,12.247619047619049,12.926984126984125,11.569841269841268,12.393650793650794,12.661904761904761,12.919047619047621,11.890476190476189
12.8095238095238,14.58253968253968,11.774603174603174,13.173015873015872,12.765079365079357,10.32063492063492,14.476190476190478,12.28095238095238,12.580952380952374,13.9031746031746,11.352380952380948,13.360317460317454,14.147619047619049,13.76190476190476,13.030158730158726,12.617460317460317,11.349206349206348,12.95555555555555,12.485714285714282,12.84603174603174,14.474603174603175,12.758730158730154,11.990476190476189,12.204761904761906,12.926984126984125,11.569841269841268,12.32539682539683,12.661904761904761,12.919047619047621,11.822222222222221
12.8095238095238,14.58253968253968,11.774603174603174,13.173015873015872,12.765079365079357,10.274603174603174,14.409523809523812,12.279365079365075,12.580952380952374,13.828571428571427,11.352380952380948,13.360317460317454,14.147619047619049,13.76190476190476,12.965079365079362,12.617460317460317,11.326984126984126,12.887301587301582,12.387301587301582,12.779365079365073,14.474603174603175,12.758730158730154,11.990476190476189,12.138095238095238,12.926984126984125,11.522222222222219,12.32539682539683,12.661904761904761,12.876190476190477,11.822222222222221
12.747619047619036,14.58253968253968,11.774603174603174,13.173015873015872,12.712698412698403,10.185714285714282,14.342857142857145,12.236507936507934,12.580952380952374,13.785714285714283,11.352380952380948,13.360317460317454,14.147619047619049,13.760317460317458,12.94126984126984,12.615873015873015,11.326984126984126,12.771428571428565,12.35396825396825,12.779365079365073,14.474603174603175,12.758730158730154,11.990476190476189,12.095238095238095,12.926984126984125,11.498412698412693,12.32539682539683,12.661904761904761,12.876190476190477,11.822222222222221
12.747619047619036,14.58253968253968,11.769841269841269,13.173015873015872,12.712698412698403,10.168253968253968,14.319047619047621,12.236507936507934,12.580952380952374,13.742857142857142,11.352380952380948,13.360317460317454,14.147619047619049,13.665079365079361,12.92222222222222,12.612698412698414,11.326984126984126,12.607936507936504,12.257142857142851,12.779365079365073,14.474603174603175,12.758730158730154,11.990476190476189,12.09047619047619,12.926984126984125,11.498412698412693,12.32539682539683,12.642857142857142,12.876190476190477,11.822222222222221
12.725396825396816,14.58253968253968,11.769841269841269,13.173015873015872,12.68888888888888,10.168253968253968,14.319047619047621,12.212698412698412,12.580952380952374,13.742857142857142,11.323809523809519,13.360317460317454,14.147619047619049,13.617460317460317,12.852380952380948,12.612698412698414,11.323809523809524,12.52380952380952,12.228571428571422,12.779365079365073,14.474603174603175,12.758730158730154,11.990476190476189,12.044444444444444,12.903174603174602,11.498412698412693,12.073015873015878,12.626984126984127,12.876190476190477,11.822222222222221
12.701587301587294,14.58253968253968,11.747619047619045,13.173015873015872,12.68730158730158,10.168253968253968,14.319047619047621,12.193650793650793,12.580952380952374,13.558730158730153,11.323809523809519,13.341269841269837,14.147619047619049,13.568253968253968,12.852380952380948,12.592063492063494,11.274603174603175,12.52380952380952,12.22698412698412,12.779365079365073,14.474603174603175,12.758730158730154,11.990476190476189,12.044444444444444,12.903174603174602,11.498412698412693,12.073015873015878,12.626984126984127,12.857142857142858,11.819047619047618
12.699999999999992,14.58253968253968,11.725396825396823,13.1031746031746,12.68095238095237,10.122222222222216,14.319047619047621,12.17460317460317,12.577777777777772,13.558730158730153,11.323809523809519,13.338095238095233,14.147619047619049,13.568253968253968,12.850793650793646,12.592063492063494,11.274603174603175,12.52380952380952,12.204761904761897,12.733333333333329,14.474603174603175,12.688888888888886,11.942857142857141,12.042857142857143,12.903174603174602,11.498412698412693,12.073015873015878,12.626984126984127,12.857142857142858,11.611111111111109
12.677777777777772,14.58253968253968,11.725396825396823,13.053968253968248,12.633333333333326,10.122222222222216,14.319047619047621,12.17460317460317,12.558730158730151,13.558730158730153,11.323809523809519,13.198412698412694,14.141269841269843,13.53015873015873,12.804761904761898,12.592063492063494,11.23333333333333,12.52380952380952,12.109523809523804,12.733333333333329,14.474603174603175,12.687301587301585,11.942857142857141,11.949206349206348,12.903174603174602,11.498412698412693,12.073015873015878,12.626984126984127,12.857142857142858,11.611111111111109
12.607936507936499,14.579365079365074,11.699999999999996,13.053968253968248,12.607936507936499,10.122222222222216,14.319047619047621,12.039682539682536,12.558730158730151,13.495238095238088,11.323809523809519,13.198412698412694,14.141269841269843,13.506349206349208,12.75714285714285,12.592063492063494,11.192063492063491,12.479365079365074,11.895238095238092,12.733333333333329,14.474603174603175,12.687301587301585,11.895238095238092,11.928571428571427,12.812698412698413,11.498412698412693,12.073015873015878,12.626984126984127,12.857142857142858,11.611111111111109
12.606349206349197,14.534920634920631,11.699999999999996,13.053968253968248,12.607936507936499,10.122222222222216,14.319047619047621,12.039682539682536,12.558730158730151,13.449206349206342,11.323809523809519,13.198412698412694,14.141269841269843,13.461904761904764,12.75714285714285,12.592063492063494,11.192063492063491,12.479365079365074,11.847619047619041,12.733333333333329,14.474603174603175,12.687301587301585,11.826984126984124,11.928571428571427,12.79206349206349,11.498412698412693,12.073015873015878,12.626984126984127,12.857142857142858,11.604761904761899
12.606349206349197,14.534920634920631,11.696825396825394,12.98412698412698,12.607936507936499,10.07619047619047,14.319047619047621,12.039682539682536,12.53650793650793,13.401587301587297,11.130158730158723,13.198412698412694,14.141269841269843,13.461904761904764,12.711111111111107,12.592063492063494,11.192063492063491,12.479365079365074,11.847619047619041,12.663492063492056,14.474603174603175,12.639682539682536,11.8047619047619,11.88095238095238,12.79047619047619,11.498412698412693,12.04603174603175,12.626984126984127,12.78888888888889,11.580952380952374
12.606349206349197,14.534920634920631,11.669841269841266,12.960317460317453,12.565079365079354,10.07619047619047,14.276190476190477,12.012698412698407,12.53650793650793,13.331746031746025,11.1063492063492,13.198412698412694,14.141269841269843,13.395238095238096,12.709523809523805,12.592063492063494,11.119047619047617,12.457142857142854,11.799999999999995,12.639682539682532,14.474603174603175,12.639682539682536,11.8047619047619,11.790476190476191,12.79047619047619,11.498412698412693,12.044444444444448,12.626984126984127,12.78888888888889,11.580952380952374
12.536507936507927,14.496825396825393,11.647619047619044,12.960317460317453,12.565079365079354,10.07619047619047,14.276190476190477,11.968253968253963,12.53650793650793,13.331746031746025,11.1063492063492,13.198412698412694,14.141269841269843,13.393650793650796,12.707936507936502,12.592063492063494,11.119047619047617,12.457142857142854,11.779365079365077,12.619047619047613,14.401587301587304,12.639682539682536,11.758730158730154,11.763492063492066,12.79047619047619,11.498412698412693,12.022222222222227,12.626984126984127,12.78888888888889,11.561904761904755
12.512698412698406,14.496825396825393,11.647619047619044,12.960317460317453,12.520634920634908,10.07619047619047,14.276190476190477,11.92539682539682,12.53650793650793,13.28412698412698,11.1063492063492,13.198412698412694,14.141269841269843,13.368253968253969,12.688888888888885,12.592063492063494,11.119047619047617,12.457142857142854,11.723809523809518,12.598412698412693,14.401587301587304,12.639682539682536,11.758730158730154,11.76031746031746,12.79047619047619,11.498412698412693,12.020634920634926,12.626984126984127,12.78888888888889,11.561904761904755
12.5111111111111,14.496825396825393,11.647619047619044,12.960317460317453,12.520634920634908,10.07619047619047,14.271428571428572,11.92539682539682,12.53650793650793,13.28412698412698,11.1063492063492,13.198412698412694,14.141269841269843,13.231746031746033,12.663492063492056,12.592063492063494,11.119047619047617,12.434920634920633,11.723809523809518,12.598412698412693,14.401587301587304,12.639682539682536,11.758730158730154,11.76031746031746,12.79047619047619,11.498412698412693,11.977777777777781,12.61111111111111,12.78888888888889,11.473015873015868
12.48888888888888,14.496825396825393,11.646031746031744,12.91269841269841,12.498412698412688,10.073015873015867,14.271428571428572,11.92539682539682,12.469841269841263,13.201587301587297,11.1063492063492,13.19206349206349,14.141269841269843,13.231746031746033,12.574603174603169,12.592063492063494,11.07301587301587,12.342857142857138,11.723809523809518,12.598412698412693,14.401587301587304,12.639682539682536,11.758730158730154,11.674603174603174,12.79047619047619,11.479365079365074,11.976190476190476,12.592063492063492,12.78888888888889,11.468253968253965
12.48888888888888,14.496825396825393,11.620634920634917,12.91269841269841,12.453968253968242,10.073015873015867,14.24920634920635,11.92539682539682,12.42857142857142,13.13333333333333,11.104761904761899,13.19206349206349,14.115873015873015,13.084126984126984,12.571428571428566,12.592063492063494,11.07301587301587,12.342857142857138,11.69841269841269,12.598412698412693,14.357142857142858,12.569841269841268,11.758730158730154,11.674603174603174,12.79047619047619,11.479365079365074,11.898412698412697,12.547619047619047,12.78888888888889,11.468253968253965
12.465079365079355,14.496825396825393,11.620634920634917,12.91269841269841,12.453968253968242,10.053968253968248,14.244444444444445,11.92539682539682,12.42857142857142,13.034920634920628,11.104761904761899,13.19206349206349,14.115873015873015,13.084126984126984,12.571428571428566,12.592063492063494,11.07301587301587,12.28253968253968,11.69841269841269,12.598412698412693,14.357142857142858,12.569841269841268,11.75555555555555,11.611111111111107,12.79047619047619,11.479365079365074,11.898412698412697,12.547619047619047,12.736507936507937,11.46349206349206
12.422222222222214,14.45555555555555,11.57619047619047,12.91269841269841,12.453968253968242,10.053968253968248,14.200000000000005,11.92539682539682,12.42857142857142,12.941269841269836,11.104761904761899,13.173015873015872,14.047619047619047,13.084126984126984,12.546031746031742,12.547619047619047,11.07301587301587,12.28253968253968,11.69841269841269,12.598412698412693,14.357142857142858,12.569841269841268,11.75555555555555,11.57301587301587,12.79047619047619,11.479365079365074,11.898412698412697,12.547619047619047,12.717460317460318,11.460317460317459
12.422222222222214,14.45555555555555,11.57619047619047,12.88571428571428,12.428571428571418,9.980952380952377,14.200000000000005,11.92539682539682,12.42857142857142,12.939682539682531,11.104761904761899,13.173015873015872,14.042857142857141,13.038095238095236,12.522222222222217,12.547619047619047,11.07301587301587,12.155555555555553,11.674603174603169,12.576190476190469,14.357142857142858,12.54603174603174,11.75555555555555,11.57301587301587,12.79047619047619,11.434920634920628,11.896825396825395,12.547619047619047,12.717460317460318,11.460317460317459
12.352380952380944,14.45555555555555,11.57619047619047,12.884126984126981,12.406349206349198,9.938095238095233,14.200000000000005,11.903174603174598,12.42857142857142,12.917460317460309,11.01428571428571,13.173015873015872,14.042857142857141,13.038095238095236,12.522222222222217,12.547619047619047,11.07301587301587,12.155555555555553,11.59523809523809,12.576190476190469,14.357142857142858,12.501587301587296,11.688888888888886,11.57301587301587,12.79047619047619,11.434920634920628,11.895238095238094,12.547619047619047,12.712698412698412,11.460317460317459
12.352380952380944,14.406349206349201,11.574603174603169,12.884126984126981,12.406349206349198,9.93333333333333,14.16666666666667,11.855555555555554,12.42857142857142,12.895238095238089,11.012698412698409,13.173015873015872,14.04126984126984,13.038095238095236,12.522222222222217,12.547619047619047,11.069841269841268,12.155555555555553,11.473015873015868,12.576190476190469,14.357142857142858,12.433333333333328,11.666666666666664,11.550793650793647,12.79047619047619,11.434920634920628,11.871428571428572,12.525396825396825,12.712698412698412,11.460317460317459
12.304761904761897,14.403174603174598,11.512698412698409,12.884126984126981,12.333333333333321,9.93333333333333,14.134920634920634,11.831746031746029,12.42857142857142,12.868253968253963,10.922222222222217,13.173015873015872,14.04126984126984,13.038095238095236,12.522222222222217,12.547619047619047,11.069841269841268,12.155555555555553,11.430158730158727,12.574603174603167,14.334920634920632,12.433333333333328,11.620634920634918,11.549206349206345,12.744444444444445,11.434920634920628,11.826984126984126,12.525396825396825,12.712698412698412,11.411111111111108
12.304761904761897,14.350793650793646,11.512698412698409,12.884126984126981,12.28888888888888,9.93333333333333,14.112698412698414,11.831746031746029,12.42857142857142,12.868253968253963,10.922222222222217,13.173015873015872,14.019047619047619,13.038095238095236,12.522222222222217,12.547619047619047,11.069841269841268,12.155555555555553,11.336507936507932,12.574603174603167,14.334920634920632,12.431746031746027,11.620634920634918,11.479365079365074,12.72063492063492,11.365079365079358,11.826984126984126,12.503174603174603,12.690476190476188,11.361904761904755
12.304761904761897,14.349206349206346,11.512698412698409,12.831746031746029,12.28888888888888,9.93333333333333,14.112698412698414,11.828571428571426,12.42857142857142,12.844444444444441,10.922222222222217,13.173015873015872,14.019047619047619,13.00952380952381,12.522222222222217,12.544444444444443,11.069841269841268,12.155555555555553,11.22539682539682,12.54920634920634,14.334920634920632,12.431746031746027,11.620634920634918,11.479365079365074,12.7,11.365079365079358,11.826984126984126,12.46031746031746,12.690476190476188,11.338095238095233
12.304761904761897,14.325396825396824,11.512698412698409,12.831746031746029,12.28888888888888,9.930158730158727,14.112698412698414,11.828571428571426,12.42857142857142,12.823809523809523,10.922222222222217,13.173015873015872,14.019047619047619,13.006349206349206,12.477777777777776,12.544444444444443,11.069841269841268,12.13015873015873,11.203174603174599,12.52698412698412,14.334920634920632,12.407936507936505,11.599999999999998,11.479365079365074,12.7,11.363492063492057,11.826984126984126,12.46031746031746,12.690476190476188,11.330158730158724
12.299999999999992,14.325396825396824,11.512698412698409,12.831746031746029,12.28888888888888,9.861904761904755,14.042857142857144,11.828571428571426,12.42857142857142,12.795238095238089,10.922222222222217,13.173015873015872,13.980952380952381,12.952380952380954,12.477777777777776,12.52063492063492,11.069841269841268,12.128571428571425,11.203174603174599,12.52698412698412,14.334920634920632,12.407936507936505,11.599999999999998,11.479365079365074,12.7,11.363492063492057,11.826984126984126,12.46031746031746,12.690476190476188,11.265079365079357
12.230158730158724,14.325396825396824,11.512698412698409,12.811111111111108,12.28888888888888,9.861904761904755,14.042857142857144,11.828571428571426,12.380952380952372,12.725396825396816,10.877777777777771,13.173015873015872,13.934920634920635,12.926984126984127,12.477777777777776,12.52063492063492,11.069841269841268,12.125396825396821,11.203174603174599,12.52698412698412,14.334920634920632,12.407936507936505,11.599999999999998,11.479365079365074,12.6984126984127,11.314285714285708,11.826984126984126,12.46031746031746,12.690476190476188,11.265079365079357
12.211111111111101,14.301587301587297,11.512698412698409,12.811111111111108,12.285714285714278,9.723809523809518,14.034920634920638,11.828571428571426,12.380952380952372,12.693650793650784,10.877777777777771,13.173015873015872,13.934920634920635,12.926984126984127,12.477777777777776,12.517460317460314,11.069841269841268,12.104761904761903,11.138095238095234,12.5063492063492,14.334920634920632,12.407936507936505,11.599999999999998,11.479365079365074,12.6984126984127,11.314285714285708,11.826984126984126,12.46031746031746,12.690476190476188,11.236507936507932
12.211111111111101,14.25396825396825,11.512698412698409,12.811111111111108,12.285714285714278,9.723809523809518,14.014285714285714,11.804761904761904,12.380952380952372,12.690476190476181,10.877777777777771,13.173015873015872,13.934920634920635,12.879365079365078,12.477777777777776,12.517460317460314,10.996825396825392,12.08253968253968,11.046031746031739,12.434920634920624,14.334920634920632,12.407936507936505,11.599999999999998,11.387301587301584,12.6984126984127,11.26507936507936,11.825396825396826,12.457142857142856,12.690476190476188,11.236507936507932
12.211111111111101,14.25396825396825,11.512698412698409,12.811111111111108,12.241269841269832,9.723809523809518,14.014285714285714,11.804761904761904,12.380952380952372,12.599999999999993,10.877777777777771,13.168253968253968,13.934920634920635,12.879365079365078,12.433333333333334,12.517460317460314,10.99523809523809,12.08253968253968,11.046031746031739,12.411111111111103,14.334920634920632,12.407936507936505,11.598412698412696,11.382539682539681,12.6984126984127,11.26507936507936,11.752380952380951,12.457142857142856,12.666666666666666,11.236507936507932
12.211111111111101,14.25396825396825,11.512698412698409,12.809523809523807,12.241269841269832,9.723809523809518,13.987301587301586,11.804761904761904,12.380952380952372,12.599999999999993,10.877777777777771,13.146031746031744,13.934920634920635,12.741269841269842,12.409523809523808,12.473015873015871,10.99523809523809,12.08253968253968,11.042857142857137,12.409523809523801,14.334920634920632,12.407936507936505,11.530158730158728,11.382539682539681,12.6984126984127,11.219047619047613,11.657142857142855,12.457142857142856,12.666666666666666,11.171428571428567
12.211111111111101,14.25396825396825,11.512698412698409,12.787301587301583,12.241269841269832,9.723809523809518,13.979365079365076,11.78412698412698,12.35873015873015,12.599999999999993,10.809523809523803,13.146031746031744,13.934920634920635,12.741269841269842,12.409523809523808,12.469841269841265,10.949206349206344,12.08253968253968,11.020634920634915,12.384126984126977,14.334920634920632,12.368253968253962,11.530158730158728,11.334920634920632,12.6984126984127,11.219047619047613,11.657142857142855,12.436507936507933,12.666666666666666,11.171428571428567
12.142857142857133,14.230158730158728,11.512698412698409,12.787301587301583,12.173015873015864,9.723809523809518,13.955555555555552,11.78412698412698,12.35873015873015,12.460317460317459,10.809523809523803,13.146031746031744,13.934920634920635,12.741269841269842,12.409523809523808,12.469841269841265,10.949206349206344,12.08253968253968,11.020634920634915,12.384126984126977,14.334920634920632,12.368253968253962,11.530158730158728,11.242857142857142,12.696825396825398,11.196825396825387,11.595238095238093,12.436507936507933,12.647619047619049,11.171428571428567
12.142857142857133,14.182539682539678,11.471428571428566,12.785714285714281,12.128571428571417,9.723809523809518,13.88095238095238,11.78412698412698,12.35873015873015,12.452380952380947,10.809523809523803,13.146031746031744,13.934920634920635,12.741269841269842,12.38571428571428,12.442857142857134,10.949206349206344,12.08253968253968,11.020634920634915,12.384126984126977,14.334920634920632,12.368253968253962,11.530158730158728,11.242857142857142,12.696825396825398,11.196825396825387,11.549206349206345,12.411111111111108,12.630158730158731,11.171428571428567
12.142857142857133,14.182539682539678,11.469841269841265,12.785714285714281,12.060317460317455,9.723809523809518,13.814285714285713,11.78412698412698,12.35873015873015,12.428571428571425,10.809523809523803,13.146031746031744,13.906349206349201,12.741269841269842,12.384126984126981,12.442857142857134,10.949206349206344,12.08253968253968,10.97460317460317,12.384126984126977,14.333333333333332,12.368253968253962,11.488888888888885,11.219047619047618,12.696825396825398,11.131746031746026,11.549206349206345,12.411111111111108,12.630158730158731,11.065079365079361
12.142857142857133,14.182539682539678,11.442857142857138,12.785714285714281,12.060317460317455,9.701587301587294,13.72380952380952,11.69365079365079,12.35873015873015,12.358730158730156,10.809523809523803,13.053968253968248,13.906349206349201,12.741269841269842,12.384126984126981,12.442857142857134,10.949206349206344,12.08253968253968,10.97460317460317,12.384126984126977,14.333333333333332,12.368253968253962,11.488888888888885,11.195238095238095,12.652380952380952,11.131746031746026,11.549206349206345,12.411111111111108,12.630158730158731,11.019047619047615
12.142857142857133,14.136507936507934,11.442857142857138,12.755555555555551,12.060317460317455,9.701587301587294,13.72380952380952,11.69365079365079,12.28571428571428,12.206349206349204,10.76349206349206,13.053968253968248,13.906349206349201,12.719047619047616,12.384126984126981,12.442857142857134,10.949206349206344,12.08253968253968,10.97460317460317,12.384126984126977,14.333333333333332,12.368253968253962,11.466666666666661,11.195238095238095,12.630158730158728,11.131746031746026,11.549206349206345,12.411111111111108,12.630158730158731,10.996825396825393
